[30.5604, 1.21093, 96.3952]
[-18.2456, 22.9319, 84.1899]
[7.36554, 15.2732, 95.3952]
[-17.158, 3.35936, 80.3058]
[30.5236, 0.239695, 96.0023]
[34.8017, 8.15113, 99.5936]
[-17.5654, 22.8851, 84.7751]
[-24.224, 18.2091, 86.9638]
[-17.9369, 22.1612, 85.6465]
[-18.3964, 22.6712, 83.9054]
[31.9497, 5.47575, 98.2428]
[-16.8051, 7.24144, 76.0883]
[40.415, 13.8482, 101.409]
[31.9373, 5.26222, 98.1278]
[33.779, -5.66867, 94.0356]
[31.9806, -11.3276, 89.4205]
[12.9011, 12.374, 95.9607]
[-18.6494, 22.0058, 85.511]
[34.8347, -0.691729, 96.6599]
[31.0669, 2.07585, 96.8765]
[-12.7107, 8.48699, 78.6353]
[9.65412, 15.4925, 96.0775]
[35.8022, -12.522, 89.9501]
[7.36106, 15.9299, 95.5836]
[31.2587, -1.00007, 95.5967]
[33.848, -5.35875, 94.1469]
[34.1058, -12.6107, 89.1457]
[-9.60843, -1.08052, 79.9924]
[35.7565, -1.12483, 96.8846]
[-11.6606, -4.87137, 69.7546]
[34.4461, -12.3584, 89.4469]
[-18.8454, 22.4843, 84.0366]
[36.2175, -12.4843, 90.2423]
[33.4348, 4.16189, 98.1893]
[33.8082, -12.2509, 89.2837]
[10.3363, 14.4154, 95.8934]
[-17.336, 22.6648, 85.5735]
[7.61533, 15.666, 95.5841]
[34.2071, -2.24668, 95.9008]
[9.74582, 14.2818, 95.6796]
[-18.9239, -2.76798, 73.351]
[9.95516, 16.006, 96.2917]
[9.63288, 15.8083, 96.0927]
[26.1966, 3.32449, 96.0239]
[-49.3234, -34.1389, 133.024]
[-48.4092, -34.1344, 133.281]
[32.1738, -11.6729, 89.2761]
[-18.661, -3.79097, 72.2627]
[30.6371, -8.13605, 91.4337]
[30.5187, 5.2355, 97.8663]
[-28.2672, 13.9275, 91.3663]
[-25.7211, 14.389, 92.2023]
[-49.8389, -35.457, 133.912]
[29.9783, 7.23046, 98.2931]
[-18.7189, 22.7455, 83.4051]
[-16.8734, 1.52414, 78.9012]
[7.63269, 14.1332, 95.1243]
[-13.1457, 8.52398, 78.4063]
[-17.3769, -3.72859, 72.9423]
[-15.4143, -3.49824, 74.3409]
[31.4573, 4.36336, 97.744]
[-17.7799, 1.64323, 78.5949]
[8.747, 14.1714, 95.417]
[-27.0061, 7.98599, 100.967]
[-34.2964, -7.146, 115.665]
[-17.0336, 2.14817, 79.3028]
[-16.4979, -3.44219, 73.7509]
[-11.1287, 1.98256, 75.5782]
[-16.9132, 23.4502, 84.5495]
[-16.9288, 23.3338, 84.0071]
[-26.1232, 8.46921, 99.9943]
[7.1107, 15.5365, 95.3962]
[-9.88946, 4.51698, 77.6529]
[-17.0659, 23.0157, 84.8311]
[-16.7656, -2.83933, 74.3965]
[-29.8536, 7.8011, 99.9741]
[-18.4618, 23.0257, 82.858]
[34.0253, -5.84202, 93.8952]
[36.0975, 1.11056, 97.7799]
[-17.6613, 22.2336, 86.4697]
[-17.0426, -3.83978, 73.1723]
[-16.3346, -8.19416, 67.1795]
[8.96713, 14.4432, 95.5545]
[-19.4639, -1.50555, 74.4839]
[-15.9228, 10.8881, 101.578]
[-17.1241, -3.47308, 73.5724]
[-49.8918, -35.4635, 134.014]
[-48.944, -35.4165, 133.986]
[-49.335, -34.1068, 133.108]
[31.1073, 2.05582, 96.8666]
[34.2176, -2.24794, 95.899]
[-32.2176, 3.29479, 105.827]
[35.8762, 1.79311, 97.8809]
[27.1003, 1.6673, 95.7754]
[26.9394, 1.40973, 95.5667]
[-27.3342, 18.7183, 81.4337]
[34.1495, -12.8608, 88.9583]
[34.4254, -12.3551, 89.4485]
[35.8147, -12.5443, 89.9496]
[32.8594, -10.387, 90.4878]
[35.8607, -8.80685, 92.9622]
[36.8959, -8.8365, 93.3423]
[37.2387, -8.39968, 93.7031]
[32.1284, -7.67197, 92.1259]
[37.2481, -7.81545, 93.9492]
[-28.2727, 13.9116, 91.3253]
[-13.5707, 7.71585, 77.7425]
[-17.9184, 1.04881, 77.9507]
[34.2044, 8.96612, 99.6289]
[-18.7225, 22.7471, 83.5949]
[30.5221, 5.19106, 97.8745]
[-12.616, 8.49538, 78.7016]
[-17.7039, 22.8686, 85.0975]
[-18.4555, 22.6412, 84.1453]
[8.70674, 16.2638, 96.0348]
[33.6028, -6.21298, 93.697]
[31.5341, 5.06757, 97.9797]
[34.0407, -6.10033, 93.9206]
[-18.7731, 22.3935, 83.5741]
[-17.4218, 22.7573, 85.6507]
[-14.7067, -8.9173, 67.2444]
[-17.9756, 1.5368, 78.3675]
[33.9616, -5.87036, 93.9912]
[-17.7627, 1.65501, 78.5823]
[-17.8649, 22.2551, 85.6078]
[-16.3044, -8.22994, 67.2778]
[-14.9652, -1.84873, 76.4299]
[33.3929, 4.16651, 98.1981]
[-17.6369, 22.1601, 86.2978]
[-18.8171, -2.74694, 73.3509]
[26.2285, 3.32301, 96.0207]
[-22.9901, 16.8539, 90.3758]
[-32.0844, 8.79548, 96.9766]
[-23.7343, 17.9045, 89.3206]
[-14.2435, 12.0293, 79.4237]
[-16.8526, -2.89555, 74.3514]
[-24.2555, 18.2698, 87.1058]
[-26.4433, 8.28834, 101.886]
[9.80201, 14.2551, 95.7254]
[-28.3175, -0.461013, 111.765]
[-32.4861, -2.19617, 111.897]
[-9.59276, -1.04488, 79.9952]
[-25.2969, 17.1393, 88.0592]
[33.6624, -6.21567, 93.6848]
[33.2863, 4.13208, 98.1383]
[38.1438, 4.83677, 99.4303]
[34.439, -12.4391, 89.4447]
[34.5609, -0.364493, 96.7833]
[31.2969, -0.972763, 95.6464]
[33.7851, -12.289, 89.2961]
[26.2413, 3.32243, 96.0194]
[31.5214, 5.06876, 97.9821]
[34.1816, 8.93455, 99.6]
[-48.9305, -34.1318, 132.75]
[-19.0236, 1.44501, 77.7899]
[-34.5926, -1.21676, 110.013]
[32.2118, 5.71732, 98.3756]
[-30.9888, 9.46884, 97.2803]
[-18.1789, 22.5225, 83.9589]
[-19.1905, -2.95343, 73.056]
[-18.4724, 22.718, 84.297]
[-18.8404, 22.068, 84.631]
[33.0996, 0.279644, 96.7064]
[29.9775, 7.13146, 98.2727]
[34.7697, 8.11882, 99.5582]
[-18.4535, 2.36716, 78.8564]
[-49.4335, -34.2309, 133.299]
[32.1901, -7.69813, 92.2033]
[-13.9142, -11.2861, 63.5562]
[-15.4989, 7.3614, 76.5971]
[-20.0834, -3.10619, 72.5413]
[-18.4097, 5.50321, 74.6201]
[-19.8777, -0.91802, 75.0309]
[-32.8284, -2.27884, 112.301]
[-23.6287, 17.8829, 89.2778]
[-15.3243, -8.70682, 67.2752]
[-19.3374, -2.4419, 73.3621]
[-14.2683, 11.9823, 79.4156]
[-27.3709, 18.7492, 81.498]
[12.917, 12.3826, 95.9754]
[35.6564, -12.6104, 89.8283]
[-31.4419, -1.81306, 112.335]
[-18.3708, 22.9595, 84.0922]
[-33.7922, -0.244761, 109.723]
[-6.14563, -18.3732, 50.9062]
[-31.481, -2.22148, 112.71]
[-31.9105, 3.63423, 104.803]
[9.808, 16.394, 96.3618]
[-32.3841, -1.67237, 111.69]
[-11.8114, -16.9144, 45.6334]
[-6.32871, -18.3544, 50.8011]
[-49.137, -34.2685, 132.863]
[33.3251, 4.19125, 98.1166]
[31.8701, -11.8426, 88.9514]
[-24.4986, 13.9193, 93.5298]
[-9.7277, -5.02619, 70.4462]
[34.7404, 6.86675, 99.2939]
[31.5387, 4.37675, 97.7433]
[-17.3702, 22.9336, 85.2603]
[-18.806, 22.5626, 83.75]
[-32.507, -1.63606, 111.625]
[-31.2264, -1.81475, 112.312]
[-18.418, 2.38816, 78.7611]
[-33.4752, 11.7601, 93.7542]
[36.0927, -12.3882, 90.1279]
[36.9798, -12.3173, 90.6511]
[34.7639, -0.645338, 96.6915]
[-35.3964, -6.76649, 115.642]
[-15.5039, 7.35986, 76.5365]
[-29.998, 13.8145, 90.7929]
[30.6958, 1.17492, 96.4149]
[26.9091, 1.61242, 95.6132]
[34.7139, 8.22497, 99.5786]
[36.0611, -8.80984, 93.1259]
[-18.3741, 5.43303, 74.7343]
[37.1293, -8.6615, 93.4437]
[35.6984, 2.30149, 97.8138]
[-16.5253, -8.71296, 66.7105]
[-32.4819, 9.02995, 97.7281]
[26.2893, 3.26435, 96.0417]
[-28.8599, 15.718, 87.1211]
[-15.3682, -8.74013, 67.2504]
[-18.7245, -2.77836, 73.5493]
[-18.3714, 0.824383, 77.5454]
[-18.3217, 22.527, 84.2863]
[-30.6691, 10.5485, 95.896]
[-14.258, -8.62719, 68.1387]
[-14.4445, -8.62455, 67.8303]
[-19.8272, -0.817581, 75.0103]
[-16.9866, -2.89269, 74.4055]
[-17.6394, 23.3626, 85.7494]
[35.7579, -1.02072, 96.841]
[36.1441, -12.6838, 89.9282]
[31.5749, 5.13508, 97.9612]
[-27.4295, 18.8203, 81.6489]
[32.5767, 6.67945, 98.7003]
[-32.3839, 3.17558, 106.304]
[-18.7406, 21.966, 84.0972]
[-18.0561, 5.81946, 74.8786]
[-36.3156, 9.45519, 92.5481]
[-23.8219, 10.3256, 97.7946]
[-24.3898, 17.9632, 87.1714]
[-17.3143, -5.76888, 70.5445]
[26.2905, 3.18775, 96.0668]
[-31.0893, 9.27828, 97.6786]
[-16.5921, -2.6098, 74.845]
[35.9248, 0.670972, 97.6897]
[9.26184, -6.47358, 68.7984]
[31.8581, -11.9107, 88.9528]
[36.3573, -11.8832, 90.7599]
[31.5426, 4.26574, 97.7607]
[-14.1834, -8.6893, 68.0029]
[-26.5114, 14.3499, 90.6933]
[-49.0147, -34.5193, 133.724]
[38.2998, 4.86781, 99.523]
[35.6724, 1.77509, 97.9333]
[32.12, 5.1808, 98.1539]
[-17.856, 0.910097, 77.8077]
[-28.7687, 13.8591, 91.5772]
[-29.7502, 13.4022, 90.1006]
[-17.1575, 0.72097, 78.012]
[-9.2028, -5.27677, 70.4966]
[29.9852, 7.23313, 98.2887]
[-31.524, -1.26793, 110.559]
[-28.9854, 15.8412, 87.4121]
[34.7282, 6.79012, 99.245]
[-13.7432, -8.28084, 69.0052]
[31.317, -1.07085, 95.6542]
[-18.3949, 2.22851, 78.7226]
[-19.7871, -0.934032, 75.0256]
[34.1148, 8.89567, 99.6608]
[-7.87086, -4.44402, 71.8252]
[-30.6992, 10.3079, 95.7948]
[-18.1212, 0.793793, 77.6635]
[-16.2813, -9.87343, 64.7014]
[-10.6452, -5.68437, 69.7343]
[-13.3508, -7.99227, 69.6076]
[-17.7838, 23.2925, 85.933]
[-24.6011, 12.7969, 93.5995]
[-15.8745, -3.01779, 74.7385]
[-17.141, 22.6561, 84.6949]
[-32.0887, 11.5836, 93.5476]
[-29.2854, 13.5749, 89.987]
[35.8728, -12.3505, 90.0513]
[31.7868, -12.0683, 88.9583]
[33.7669, -5.98445, 93.8535]
[35.7622, 1.96277, 97.8407]
[30.5728, 1.15024, 96.2423]
[31.8652, 5.1951, 97.9574]
[30.673, 0.352733, 96.0502]
[36.6326, -8.931, 93.1566]
[31.5492, -0.932205, 95.6687]
[35.5786, -1.21362, 96.7233]
[-33.2137, 11.8713, 91.9051]
[31.4854, 1.94289, 96.8847]
[36.1387, 0.878871, 97.7184]
[32.1765, -7.87673, 92.1254]
[-10.5328, -5.2174, 70.1893]
[-17.3539, 0.68983, 77.8918]
[-32.5763, -1.99213, 110.25]
[-9.01541, -5.30037, 70.7666]
[35.2116, -13.7628, 88.6294]
[-10.3101, -6.18918, 68.9056]
[31.7921, -10.78, 89.9245]
[34.6032, 7.99739, 99.5716]
[-33.1246, -0.467965, 109.548]
[-13.3319, -8.1724, 69.635]
[-26.9889, 14.4234, 91.6875]
[-30.8045, 9.25411, 97.3873]
[-8.63637, -4.21799, 71.9118]
[-28.7582, 15.7342, 86.9765]
[-17.843, 0.853898, 77.791]
[32.7588, 0.118181, 96.5265]
[32.6072, -9.00661, 91.4133]
[-18.3847, 2.21494, 78.7708]
[-17.7401, 0.0583361, 76.8823]
[-30.8496, 9.98883, 95.9767]
[9.4108, -5.97523, 69.1579]
[26.5484, 3.17752, 95.9764]
[32.2494, 5.28255, 98.1759]
[-35.3755, -1.60716, 111.585]
[30.7062, 0.402332, 95.9862]
[30.7224, 1.04898, 96.3695]
[-12.6463, 7.45289, 78.1546]
[32.1287, 5.93851, 98.5435]
[31.9746, -8.78892, 91.428]
[-14.8809, -10.8436, 63.4882]
[36.2403, -8.6472, 93.2027]
[-33.2533, 11.9351, 92.0896]
[32.365, -11.4103, 89.4301]
[-26.856, 20.5188, 76.8468]
[-33.0718, -0.584287, 109.363]
[-28.6096, 15.9794, 86.8856]
[36.6838, -11.7504, 90.8111]
[-18.9522, 1.21757, 77.5879]
[33.7456, -5.96354, 93.6802]
[-13.6588, -8.43553, 68.9071]
[-7.80409, -4.81477, 71.6655]
[33.1921, 4.30744, 98.0662]
[-31.5848, -0.874332, 110.639]
[31.6113, -0.211264, 95.9593]
[-10.1238, -6.2982, 69.019]
[30.4729, 5.93774, 98.0781]
[35.232, -13.7166, 88.6274]
[-24.1114, 16.8892, 87.0088]
[37.6024, -7.84041, 94.2218]
[35.219, -0.543598, 96.9331]
[35.49, -1.26895, 96.7463]
[-11.6705, -5.31913, 69.4298]
[34.4002, -0.890994, 96.5326]
[35.6534, -12.1743, 89.9038]
[-32.8645, 11.8257, 91.0335]
[-34.1658, -7.1218, 114.901]
[31.6916, -11.2145, 89.5855]
[22.6152, 4.48182, 95.6236]
[-31.7066, 11.6679, 92.4032]
[31.2965, -8.04045, 91.6975]
[-30.4797, -1.65619, 111.769]
[-28.5448, -1.57754, 112.3]
[31.5562, -14.3886, 86.5057]
[-10.0898, -6.20901, 68.9661]
[-8.59211, -6.6871, 69.8905]
[-12.32, -10.0613, 66.9663]
[-28.6527, 16.1194, 87.4695]
[-33.4416, -7.14675, 114.354]
[-17.4903, 0.567998, 77.7933]
[31.7744, -9.0707, 91.38]
[30.6548, 0.612303, 95.9533]
[33.1179, 4.11844, 98.1233]
[-29.8496, -5.14275, 116.103]
[26.5802, 3.17583, 95.9732]
[-26.7695, 20.4425, 76.702]
[-11.9854, 6.65216, 77.8058]
[33.8038, -6.34778, 93.7344]
[-13.8777, -10.1201, 66.3557]
[35.3078, -15.6654, 87.0261]
[-36.1661, 9.46174, 93.1869]
[-36.2498, -4.37126, 112.96]
[49.8331, 5.09319, 92.451]
[49.1882, -7.91942, 86.0658]
[-20.6777, 19.8988, 85.8429]
[-1.23426, 22.44, 83.9549]
[44.7676, 7.46004, 92.3655]
[-17.336, 22.6648, 85.5735]
[48.9344, -8.46643, 85.6518]
[-17.5654, 22.8851, 84.7751]
[48.3959, 3.96805, 91.8359]
[-18.8454, 22.4843, 84.0366]
[-18.3964, 22.6712, 83.9054]
[-18.2456, 22.9319, 84.1899]
[-18.6494, 22.0058, 85.511]
[-4.32489, 5.31645, 81.0225]
[-18.7189, 22.7455, 83.4051]
[49.0429, -8.58419, 85.6219]
[-18.4618, 23.0257, 82.858]
[47.8941, 0.174557, 90.2685]
[48.1264, 0.29696, 90.4318]
[45.3708, 9.3001, 92.9663]
[45.6336, 5.72678, 91.9229]
[41.3234, 9.1648, 92.5088]
[22.9816, 30.9504, 93.3432]
[24.2338, 31.1864, 93.6215]
[44.8964, 8.40207, 92.6565]
[48.8722, -8.13392, 85.8304]
[48.7726, 5.88021, 92.5068]
[-2.79189, 13.5218, 81.1385]
[-24.952, 14.956, 93.0437]
[-28.2672, 13.9275, 91.3663]
[-14.3103, 12.269, 79.5221]
[-48.4092, -34.1344, 133.281]
[5.28752, 10.0426, 82.8837]
[41.4437, 9.69876, 92.6288]
[-49.8389, -35.457, 133.912]
[-49.3234, -34.1389, 133.024]
[-3.33277, -2.83124, 71.8862]
[-16.8051, 7.24144, 76.0883]
[1.0095, -2.19478, 74.2406]
[-29.5571, 5.88633, 100.145]
[-25.7211, 14.389, 92.2023]
[-25.2627, 14.9381, 92.1211]
[63.2323, -6.58707, 91.6591]
[-3.2707, -2.29706, 72.3124]
[-26.1232, 8.46921, 99.9943]
[24.1208, 28.4139, 93.4797]
[40.5917, 11.4846, 92.9459]
[22.6946, 30.454, 93.2911]
[22.9458, 30.0589, 93.3378]
[-29.8536, 7.8011, 99.9741]
[-34.2964, -7.146, 115.665]
[47.9532, -0.450048, 90.0393]
[-1.51644, 5.57918, 78.1274]
[1.42894, -5.42767, 71.4991]
[63.4075, -7.45529, 91.2615]
[-16.9132, 23.4502, 84.5495]
[-16.9288, 23.3338, 84.0071]
[23.9231, 28.7087, 93.4797]
[1.06458, -2.51113, 74.0309]
[44.9415, 8.40646, 92.6142]
[-49.8918, -35.4635, 134.014]
[-48.944, -35.4165, 133.986]
[-49.335, -34.1068, 133.108]
[45.4289, 9.32929, 92.9326]
[-1.22634, -3.06583, 72.5205]
[-32.2176, 3.29479, 105.827]
[-18.7731, 22.3935, 83.5741]
[25.3631, 30.6906, 93.835]
[-0.881031, 22.7578, 84.187]
[-17.8649, 22.2551, 85.6078]
[47.9595, -0.407828, 90.0288]
[-28.3175, -0.461013, 111.765]
[-6.96071, 5.2406, 75.9659]
[44.3557, 15.1986, 94.0476]
[50.727, -8.3467, 86.4098]
[50.7618, -8.10968, 86.3742]
[-32.0844, 8.79548, 96.9766]
[25.2357, 28.2732, 93.681]
[-24.2555, 18.2698, 87.1058]
[-24.6674, 14.8647, 92.5053]
[-24.4065, 18.076, 87.4645]
[-23.7343, 17.9045, 89.3206]
[63.3537, -7.25826, 91.2992]
[-9.88183, 8.58274, 76.6721]
[48.0687, 0.186605, 90.3149]
[63.2955, -6.61827, 91.5891]
[-23.7662, 10.6894, 98.7718]
[-3.26631, -2.35942, 72.3159]
[-28.2727, 13.9116, 91.3253]
[-22.9901, 16.8539, 90.3758]
[-11.6606, -4.87137, 69.7546]
[-9.63042, 8.71849, 76.8925]
[48.4183, 4.00113, 91.8836]
[49.7912, 5.06156, 92.4026]
[48.9072, 5.48513, 92.3802]
[-31.9105, 3.63423, 104.803]
[44.8547, 7.45524, 92.3892]
[0.752043, -2.45468, 73.9772]
[50.2815, -8.2097, 86.2855]
[-32.4861, -2.19617, 111.897]
[-3.58524, 12.8795, 80.5488]
[0.982749, -2.1243, 74.2969]
[-10.4959, 2.19312, 76.0224]
[-25.2969, 17.1393, 88.0592]
[-26.1247, 14.1537, 92.3282]
[48.8438, -8.0737, 85.8223]
[48.4391, 4.09486, 91.9312]
[45.8042, 12.5791, 93.7057]
[-34.5926, -1.21676, 110.013]
[-21.2691, 20.3316, 83.5895]
[44.905, 7.38558, 92.3941]
[47.9764, -0.463802, 90.0301]
[48.3556, -0.295732, 90.2587]
[48.5286, -7.73254, 86.0216]
[45.461, 9.2764, 92.9654]
[41.2651, 9.44297, 92.5489]
[44.9735, 8.35374, 92.6473]
[45.7116, 5.72863, 91.9803]
[-18.4097, 5.50321, 74.6201]
[-6.14563, -18.3732, 50.9062]
[44.407, 15.2429, 94.016]
[-50.7079, -35.7344, 131.914]
[41.172, 11.4742, 93.0041]
[0.737584, -2.56919, 73.9747]
[-24.4986, 13.9193, 93.5298]
[45.7881, 11.7847, 93.5483]
[-7.8955, 10.6526, 78.0473]
[-13.1007, 11.702, 79.8068]
[-14.2683, 11.9823, 79.4156]
[-31.4419, -1.81306, 112.335]
[-6.9205, 5.50834, 76.142]
[-1.15859, -2.92299, 72.5543]
[37.1716, 13.8228, 93.1326]
[0.579944, -1.78788, 74.3837]
[-30.9888, 9.46884, 97.2803]
[25.2829, 31.1665, 93.8536]
[-17.6394, 23.3626, 85.7494]
[-32.8284, -2.27884, 112.301]
[-4.37255, 13.5548, 80.5289]
[25.8082, 31.9046, 93.9863]
[-0.50909, -6.90777, 69.3243]
[-32.3839, 3.17558, 106.304]
[-32.3841, -1.67237, 111.69]
[-36.3156, 9.45519, 92.5481]
[-31.481, -2.22148, 112.71]
[-2.79814, 15.2097, 81.7413]
[-2.87108, 13.5636, 81.1576]
[-6.32871, -18.3544, 50.8011]
[-49.137, -34.2685, 132.863]
[1.33757, -18.9147, 52.9164]
[-2.36426, -3.14864, 71.7558]
[-9.75637, -8.19998, 67.0983]
[-30.9366, 11.9209, 90.7941]
[-29.998, 13.8145, 90.7929]
[-0.659539, -2.41336, 73.2836]
[-18.7406, 21.966, 84.0972]
[-32.7445, 11.9878, 90.9873]
[-9.7277, -5.02619, 70.4462]
[-32.507, -1.63606, 111.625]
[49.299, -7.91883, 86.1153]
[50.61, -7.95719, 86.5451]
[-31.2264, -1.81475, 112.312]
[46.6386, -7.0501, 85.9675]
[46.8213, -6.44485, 86.4807]
[45.8394, 12.6588, 93.7378]
[48.0391, 0.00156974, 90.2518]
[-3.18461, -4.93911, 70.2737]
[48.4807, 4.14329, 91.8846]
[49.7968, 5.10604, 92.4247]
[45.6988, 5.82355, 91.94]
[48.8405, 5.48182, 92.4668]
[-32.4819, 9.02995, 97.7281]
[47.1814, 6.80235, 92.4913]
[44.9288, 7.35429, 92.4186]
[50.5753, -7.60013, 86.5239]
[-18.3217, 22.527, 84.2863]
[45.0311, 8.48072, 92.6258]
[41.3304, 9.46802, 92.5252]
[45.4985, 9.36572, 92.9293]
[40.7672, 11.2527, 92.9701]
[-26.5114, 14.3499, 90.6933]
[-11.4201, -4.35922, 70.2703]
[-23.8219, 10.3256, 97.7946]
[-18.806, 22.5626, 83.75]
[-18.0561, 5.81946, 74.8786]
[-0.021861, -1.72783, 74.028]
[45.8202, 11.7057, 93.5495]
[-31.0728, 13.7443, 86.6046]
[-30.7051, 15.6552, 80.5944]
[-22.003, 19.4999, 84.488]
[-15.054, 3.99294, 74.8151]
[-24.3898, 17.9632, 87.1714]
[-6.42446, -18.1855, 51.4406]
[-6.94826, 5.5277, 76.1475]
[37.2191, 13.6508, 93.1035]
[-14.4062, 7.92756, 77.6432]
[-14.6251, 2.85301, 74.4411]
[-28.7687, 13.8591, 91.5772]
[-29.7502, 13.4022, 90.1006]
[-3.12739, 11.756, 80.2785]
[45.5817, 9.30767, 92.9437]
[46.4281, -6.18636, 86.5513]
[51.2945, -7.76982, 87.0006]
[46.6119, -7.15538, 85.9816]
[-1.97666, -2.80177, 72.5009]
[-9.81038, -4.95464, 70.521]
[46.4617, -3.43398, 88.3025]
[-15.095, 3.81685, 74.7876]
[51.4503, -2.70516, 90.0306]
[-7.87086, -4.44402, 71.8252]
[42.0938, 0.173201, 89.0032]
[-10.6452, -5.68437, 69.7343]
[-9.04398, 24.5554, 79.6511]
[-1.61919, -3.21779, 72.137]
[-9.2028, -5.27677, 70.4966]
[-9.01541, -5.30037, 70.7666]
[-3.48304, -3.02515, 71.9198]
[-0.893176, -2.61709, 73.0296]
[-2.83444, -2.27114, 72.4279]
[-8.63637, -4.21799, 71.9118]
[-3.50074, -2.1323, 72.4548]
[45.2135, 8.81816, 92.8146]
[-33.4752, 11.7601, 93.7542]
[45.7208, 5.67461, 92.0229]
[47.002, 6.63485, 92.5385]
[44.9592, 7.40439, 92.3223]
[44.9971, 8.28852, 92.6893]
[-24.6011, 12.7969, 93.5995]
[46.5238, -5.70197, 86.8774]
[-30.8045, 9.25411, 97.3873]
[44.3192, 15.1442, 94.0651]
[-32.0887, 11.5836, 93.5476]
[45.9063, 11.7298, 93.5679]
[-33.2137, 11.8713, 91.9051]
[-1.2479, -6.88597, 69.0451]
[51.1868, -7.87945, 87.0578]
[1.14775, -19.2896, 52.7259]
[46.9878, -6.64513, 86.372]
[-35.2532, -3.7541, 110.356]
[-9.09146, 24.4481, 79.6914]
[-0.988973, -6.73581, 69.2034]
[46.639, -2.42756, 88.8602]
[41.2565, 9.66286, 92.6657]
[51.5035, -2.70575, 90.0543]
[-3.18389, 11.6102, 80.2513]
[2.40038, 28.678, 85.0083]
[-29.2854, 13.5749, 89.987]
[48.0772, -0.354952, 90.1833]
[-0.553903, -2.88462, 73.0471]
[0.798975, -2.60083, 73.6566]
[45.0133, 7.41473, 92.3679]
[48.7284, 5.30131, 92.3525]
[-11.1356, -4.43728, 70.2318]
[-0.0246339, -1.92171, 73.8845]
[48.5077, 4.03099, 91.9045]
[49.6466, 4.86446, 92.3767]
[37.1863, 13.6532, 93.0736]
[-2.79772, 10.7217, 79.801]
[45.2166, 8.76891, 92.8228]
[44.919, 8.10572, 92.5528]
[45.9915, -6.28019, 86.6208]
[-1.2804, -2.61366, 72.6594]
[-10.3101, -6.18918, 68.9056]
[-28.7582, 15.7342, 86.9765]
[-30.8496, 9.98883, 95.9767]
[44.77, 13.6756, 93.9266]
[-7.22263, 6.29534, 76.4285]
[-24.1114, 16.8892, 87.0088]
[-9.05888, 24.4731, 79.708]
[47.1232, -6.58458, 86.5046]
[48.5792, 5.54478, 92.296]
[-35.3755, -1.60716, 111.585]
[46.5179, -6.21712, 86.5663]
[37.285, 13.6248, 93.0346]
[45.914, 11.6113, 93.5914]
[-1.63879, -6.51102, 69.2803]
[-31.5848, -0.874332, 110.639]
[-28.6096, 15.9794, 86.8856]
[41.2955, 9.78045, 92.6545]
[-5.04279, 11.9002, 79.5823]
[42.0607, 0.277839, 89.0767]
[-0.228117, -4.73398, 71.8794]
[-2.12771, -3.18269, 72.2611]
[-7.80409, -4.81477, 71.6655]
[-33.0718, -0.584287, 109.363]
[48.5395, 4.04446, 91.9693]
[45.8399, 5.54125, 92.0536]
[-33.2533, 11.9351, 92.0896]
[41.0107, 11.036, 92.867]
[49.6807, -4.59647, 88.37]
[46.5578, -3.68859, 88.2567]
[-10.1238, -6.2982, 69.019]
[-25.5094, 13.9638, 94.0017]
[46.7193, -2.25323, 88.9392]
[47.2891, -3.77855, 88.1218]
[50.1258, -4.81812, 88.1443]
[-31.7066, 11.6679, 92.4032]
[-11.6705, -5.31913, 69.4298]
[45.1896, 12.4229, 93.5727]
[44.5974, 14.6051, 94.061]
[-28.5448, -1.57754, 112.3]
[37.2837, 13.5607, 93.0386]
[-1.93084, -3.24261, 71.9241]
[-35.92, -9.05899, 113.596]
[45.8648, 11.8162, 93.5312]
[50.2621, -3.43813, 89.4279]
[45.6801, -2.74358, 88.6489]
[-9.15983, 24.3617, 79.6874]
[-8.59211, -6.6871, 69.8905]
[44.9293, 7.51893, 92.3263]
[49.767, -4.75088, 88.2825]
[0.394117, -6.69603, 69.766]
[46.3437, -3.67585, 88.2238]
[-29.8496, -5.14275, 116.103]
[-32.8645, 11.8257, 91.0335]
[-11.3347, -6.87371, 67.9971]
[-10.0898, -6.20901, 68.9661]
[42.0674, 0.124437, 88.9965]
[-30.4797, -1.65619, 111.769]
[-28.6527, 16.1194, 87.4695]
[-28.9899, 18.4138, 76.2001]
[-3.54849, 11.4405, 80.0596]
[-36.1661, 9.46174, 93.1869]
[41.1479, 10.0789, 92.8144]
[-11.9854, 6.65216, 77.8058]
[47.6479, -6.31217, 86.8946]
[-4.96074, 11.8622, 79.6667]
[29.3979, 5.15216, 98.182]
[7.61533, 15.666, 95.5841]
[34.2044, 8.96612, 99.6289]
[-17.7799, 1.64323, 78.5949]
[-16.8051, 7.24144, 76.0883]
[31.9373, 5.26222, 98.1278]
[40.415, 13.8482, 101.409]
[9.95516, 16.006, 96.2917]
[37.2387, -8.39968, 93.7031]
[33.9616, -5.87036, 93.9912]
[33.8082, -12.2509, 89.2837]
[9.63288, 15.8083, 96.0927]
[37.2481, -7.81545, 93.9492]
[9.74582, 14.2818, 95.6796]
[34.8017, 8.15113, 99.5936]
[35.8607, -8.80685, 92.9622]
[31.4573, 4.36336, 97.744]
[36.2175, -12.4843, 90.2423]
[7.36106, 15.9299, 95.5836]
[-17.893, 1.52947, 78.3606]
[9.65412, 15.4925, 96.0775]
[-18.9239, -2.76798, 73.351]
[32.5155, 4.08885, 98.4753]
[47.8941, 0.174557, 90.2685]
[30.6371, -8.13605, 91.4337]
[34.8347, -0.691729, 96.6599]
[-17.0426, -3.83978, 73.1723]
[-18.661, -3.79097, 72.2627]
[-17.5339, 1.51449, 78.4926]
[33.366, -13.0323, 90.63]
[-12.8647, 27.2133, 75.0455]
[31.9806, -11.3276, 89.4205]
[-16.4979, -3.44219, 73.7509]
[48.7726, 5.88021, 92.5068]
[35.8762, 1.79311, 97.8809]
[36.8959, -8.8365, 93.3423]
[31.9497, 5.47575, 98.2428]
[-17.0336, 2.14817, 79.3028]
[-17.158, 3.35936, 80.3058]
[-3.2707, -2.29706, 72.3124]
[29.9783, 7.23046, 98.2931]
[29.1365, 5.39963, 96.1945]
[-17.1241, -3.47308, 73.5724]
[-19.4639, -1.50555, 74.4839]
[7.63269, 14.1332, 95.1243]
[-16.0181, -3.70191, 73.8929]
[-14.9227, -1.80064, 76.4669]
[10.3363, 14.4154, 95.8934]
[36.0975, 1.11056, 97.7799]
[12.9011, 12.374, 95.9607]
[23.9231, 28.7087, 93.4797]
[1.0095, -2.19478, 74.2406]
[-16.8734, 1.52414, 78.9012]
[1.42894, -5.42767, 71.4991]
[-16.7656, -2.83933, 74.3965]
[32.1284, -7.67197, 92.1259]
[-8.64203, 3.95801, 76.8466]
[0.488757, 24.2582, 84.9525]
[8.96713, 14.4432, 95.5545]
[63.4075, -7.45529, 91.2615]
[63.2323, -6.58707, 91.6591]
[-9.63042, 8.71849, 76.8925]
[-0.0597548, 22.913, 84.5906]
[48.4183, 4.00113, 91.8836]
[0.0826332, 23.7814, 84.7344]
[32.2485, -6.23244, 94.4251]
[34.439, -12.4391, 89.4447]
[34.7697, 8.11882, 99.5582]
[-9.88183, 8.58274, 76.6721]
[34.1816, 8.93455, 99.6]
[53.2689, -7.69987, 85.8753]
[48.8438, -8.0737, 85.8223]
[49.7912, 5.06156, 92.4026]
[31.2969, -0.972763, 95.6464]
[48.9072, 5.48513, 92.3802]
[34.5609, -0.364493, 96.7833]
[25.3631, 30.6906, 93.835]
[-18.8171, -2.74694, 73.3509]
[26.2893, 3.26435, 96.0417]
[44.8547, 7.45524, 92.3892]
[-6.96071, 5.2406, 75.9659]
[44.9415, 8.40646, 92.6142]
[-9.7494, -3.83473, 71.1745]
[-17.7627, 1.65501, 78.5823]
[-2.79189, 13.5218, 81.1385]
[0.384043, 23.6433, 84.8503]
[-17.9756, 1.5368, 78.3675]
[-17.3769, -3.72859, 72.9423]
[1.06458, -2.51113, 74.0309]
[-14.9652, -1.84873, 76.4299]
[12.917, 12.3826, 95.9754]
[22.9816, 30.9504, 93.3432]
[-17.2802, 1.53073, 78.6846]
[-16.8526, -2.89555, 74.3514]
[0.982749, -2.1243, 74.2969]
[-18.2856, 0.867279, 77.5325]
[9.80201, 14.2551, 95.7254]
[-0.649611, 23.8337, 84.3731]
[-11.5905, -4.39518, 70.2183]
[-1.23426, 22.44, 83.9549]
[32.1901, -7.69813, 92.2033]
[32.8594, -10.387, 90.4878]
[-4.73574, 16.7061, 81.3654]
[63.2955, -6.61827, 91.5891]
[63.3537, -7.25826, 91.2992]
[-0.84014, 23.5189, 84.3327]
[-17.3143, -5.76888, 70.5445]
[-17.9184, 1.04881, 77.9507]
[-1.14659, 23.6343, 84.1533]
[32.1738, -11.6729, 89.2761]
[30.5132, 5.00401, 98.2763]
[33.0996, 0.279644, 96.7064]
[9.808, 16.394, 96.3618]
[38.1438, 4.83677, 99.4303]
[48.4391, 4.09486, 91.9312]
[-7.8955, 10.6526, 78.0473]
[26.2905, 3.18775, 96.0668]
[36.9798, -12.3173, 90.6511]
[36.0927, -12.3882, 90.1279]
[32.4106, 4.08801, 98.4073]
[36.1441, -12.6838, 89.9282]
[45.461, 9.2764, 92.9654]
[44.9735, 8.35374, 92.6473]
[34.7404, 6.86675, 99.2939]
[44.905, 7.38558, 92.3941]
[34.7139, 8.22497, 99.5786]
[-18.4097, 5.50321, 74.6201]
[45.7116, 5.72863, 91.9803]
[35.7579, -1.02072, 96.841]
[0.859087, -2.57685, 74.0497]
[37.1293, -8.6615, 93.4437]
[48.3556, -0.295732, 90.2587]
[-19.3374, -2.4419, 73.3621]
[41.172, 11.4742, 93.0041]
[32.2118, 5.71732, 98.3756]
[-19.8777, -0.91802, 75.0309]
[-8.84714, -8.4672, 67.2923]
[-19.0236, 1.44501, 77.7899]
[25.2357, 28.2732, 93.681]
[-7.69971, -4.09307, 71.8682]
[-2.65048, 23.6395, 82.6672]
[0.579944, -1.78788, 74.3837]
[-16.3044, -8.22994, 67.2778]
[-3.58524, 12.8795, 80.5488]
[-2.79814, 15.2097, 81.7413]
[-18.4535, 2.36716, 78.8564]
[32.5767, 6.67945, 98.7003]
[49.299, -7.91883, 86.1153]
[-19.1905, -2.95343, 73.056]
[34.8464, 1.94299, 98.1554]
[-9.7277, -5.02619, 70.4462]
[35.9248, 0.670972, 97.6897]
[-15.3243, -8.70682, 67.2752]
[44.9288, 7.35429, 92.4186]
[-3.18461, -4.93911, 70.2737]
[-11.769, -5.01587, 69.8179]
[53.1554, -7.24989, 86.0097]
[36.0611, -8.80984, 93.1259]
[48.0391, 0.00156974, 90.2518]
[40.7672, 11.2527, 92.9701]
[48.4807, 4.14329, 91.8846]
[37.1716, 13.8228, 93.1326]
[-15.508, 2.49059, 73.9805]
[51.2945, -7.76982, 87.0006]
[-9.25826, -4.67837, 71.1848]
[-19.8272, -0.817581, 75.0103]
[-16.9866, -2.89269, 74.4055]
[36.3573, -11.8832, 90.7599]
[49.7968, 5.10604, 92.4247]
[45.4985, 9.36572, 92.9293]
[25.8082, 31.9046, 93.9863]
[46.8213, -6.44485, 86.4807]
[25.2829, 31.1665, 93.8536]
[47.1814, 6.80235, 92.4913]
[-20.0578, 0.73358, 76.3614]
[34.1148, 8.89567, 99.6608]
[-1.47832, -6.67708, 69.1744]
[2.40038, 28.678, 85.0083]
[-13.7074, 9.4729, 78.5885]
[-14.4445, -8.62455, 67.8303]
[-8.70051, -4.14984, 71.9433]
[-3.03002, -2.25964, 72.4104]
[34.7282, 6.79012, 99.245]
[-3.49966, 16.1755, 81.6705]
[-18.3714, 0.824383, 77.5454]
[-2.87108, 13.5636, 81.1576]
[-21.7493, 5.12979, 74.0201]
[-2.83444, -2.27114, 72.4279]
[-8.63637, -4.21799, 71.9118]
[-3.50074, -2.1323, 72.4548]
[-16.26, -6.61686, 68.7385]
[48.876, 9.1242, 92.1921]
[35.7622, 1.96277, 97.8407]
[44.9971, 8.28852, 92.6893]
[36.1387, 0.878871, 97.7184]
[44.9592, 7.40439, 92.3223]
[-16.5921, -2.6098, 74.845]
[34.6032, 7.99739, 99.5716]
[45.7208, 5.67461, 92.0229]
[32.12, 5.1808, 98.1539]
[29.9852, 7.23313, 98.2887]
[46.4281, -6.18636, 86.5513]
[35.8728, -12.3505, 90.0513]
[51.1868, -7.87945, 87.0578]
[45.9915, -6.28019, 86.6208]
[-18.3949, 2.22851, 78.7226]
[46.4617, -3.43398, 88.3025]
[36.6326, -8.931, 93.1566]
[-6.34264, 7.18442, 76.9434]
[-16.2813, -9.87343, 64.7014]
[37.2191, 13.6508, 93.1035]
[38.2998, 4.86781, 99.523]
[51.4503, -2.70516, 90.0306]
[-20.0764, 0.735898, 76.2788]
[-15.8745, -3.01779, 74.7385]
[-1.61919, -3.21779, 72.137]
[-9.01541, -5.30037, 70.7666]
[-1.29353, -2.77055, 72.6369]
[-10.4517, -4.92557, 70.3673]
[-0.893176, -2.61709, 73.0296]
[-14.1834, -8.6893, 68.0029]
[-7.87086, -4.44402, 71.8252]
[42.0938, 0.173201, 89.0032]
[1.33757, -18.9147, 52.9164]
[-8.70313, -4.51327, 71.1256]
[-21.0785, 2.67813, 76.4371]
[-19.7871, -0.934032, 75.0256]
[-18.7245, -2.77836, 73.5493]
[31.5492, -0.932205, 95.6687]
[48.7284, 5.30131, 92.3525]
[-10.3101, -6.18918, 68.9056]
[31.5562, -14.3886, 86.5057]
[36.6838, -11.7504, 90.8111]
[-0.732847, -7.05533, 69.3813]
[-6.39958, 6.99173, 76.9056]
[45.9063, 11.7298, 93.5679]
[32.6072, -9.00661, 91.4133]
[36.2403, -8.6472, 93.2027]
[-5.91744, 5.94748, 76.6057]
[-6.94826, 5.5277, 76.1475]
[37.1863, 13.6532, 93.0736]
[51.5035, -2.70575, 90.0543]
[-15.3705, -8.83808, 67.0307]
[-1.2804, -2.61366, 72.6594]
[7.39898, -5.73156, 66.8472]
[0.798975, -2.60083, 73.6566]
[33.7456, -5.96354, 93.6802]
[-2.77436, -2.27849, 72.3603]
[-8.67623, -4.32023, 71.8235]
[-17.843, 0.853898, 77.791]
[-16.413, 6.70182, 77.4925]
[41.2565, 9.66286, 92.6657]
[48.5077, 4.03099, 91.9045]
[44.3192, 15.1442, 94.0651]
[2.89665, -20.2583, 53.7467]
[-18.3847, 2.21494, 78.7708]
[-7.22263, 6.29534, 76.4285]
[35.3078, -15.6654, 87.0261]
[32.5701, -14.2891, 89.332]
[35.49, -1.26895, 96.7463]
[-12.5196, 7.52728, 78.1965]
[37.6024, -7.84041, 94.2218]
[47.1232, -6.58458, 86.5046]
[32.2494, 5.28255, 98.1759]
[35.6534, -12.1743, 89.9038]
[42.0607, 0.277839, 89.0767]
[45.914, 11.6113, 93.5914]
[-2.12771, -3.18269, 72.2611]
[-7.80409, -4.81477, 71.6655]
[30.7224, 1.04898, 96.3695]
[-10.1238, -6.2982, 69.019]
[-14.3779, 7.99408, 77.6685]
[30.7062, 0.402332, 95.9862]
[31.6113, -0.211264, 95.9593]
[32.1287, 5.93851, 98.5435]
[45.8399, 5.54125, 92.0536]
[48.5395, 4.04446, 91.9693]
[-9.88855, -8.02929, 67.22]
[49.6807, -4.59647, 88.37]
[47.2891, -3.77855, 88.1218]
[41.2955, 9.78045, 92.6545]
[32.2131, 4.13471, 98.3862]
[-17.7401, 0.0583361, 76.8823]
[46.7193, -2.25323, 88.9392]
[-2.79772, 10.7217, 79.801]
[-0.228117, -4.73398, 71.8794]
[33.8038, -6.34778, 93.7344]
[35.219, -0.543598, 96.9331]
[45.1896, 12.4229, 93.5727]
[44.5974, 14.6051, 94.061]
[50.2621, -3.43813, 89.4279]
[-11.6705, -5.31913, 69.4298]
[37.2837, 13.5607, 93.0386]
[45.8648, 11.8162, 93.5312]
[-1.93084, -3.24261, 71.9241]
[42.0674, 0.124437, 88.9965]
[-12.529, -6.9131, 69.096]
[-6.11378, 12.6045, 78.6255]
[-11.9854, 6.65216, 77.8058]
[-12.7486, 7.39986, 78.0806]
[-10.0898, -6.20901, 68.9661]
[-3.14265, -5.21026, 70.0933]
[-12.32, -10.0613, 66.9663]
[52.8796, -4.24713, 87.5954]
[47.6479, -6.31217, 86.8946]
[41.1479, 10.0789, 92.8144]
[0.394117, -6.69603, 69.766]
