[-46.695, -33.0698, 131.391]
[13.0355, -0.75697, 89.5218]
[17.494, 1.07524, 92.3006]
[23.8219, 24.3408, 81.1973]
[-16.2527, 22.8077, 82.8866]
[18.483, -0.780841, 91.645]
[14.8171, -1.84494, 89.6486]
[13.0725, 9.38585, 94.7113]
[13.2879, 8.21134, 94.2659]
[17.4574, 8.62289, 95.6394]
[13.5146, 10.3413, 95.1537]
[-17.5777, 12.5419, 96.34]
[14.7523, -2.05808, 89.5158]
[13.9446, -2.13073, 88.9443]
[13.1779, -7.11894, 85.1259]
[14.3461, 11.0385, 95.607]
[16.4106, -1.0818, 90.6801]
[13.988, -2.33048, 88.9579]
[18.0474, -2.03198, 90.6942]
[9.62243, 15.7055, 96.1148]
[40.3675, 13.8556, 101.429]
[-9.95186, -0.250113, 80.3046]
[16.1458, 7.44824, 94.8069]
[35.1837, 30.0098, 99.0451]
[15.477, -3.24558, 88.9272]
[16.2774, -11.6358, 81.9572]
[17.7188, -11.5316, 82.8531]
[16.5573, -11.3792, 82.2917]
[-6.95608, -0.968109, 81.0939]
[6.52557, 2.66449, 89.3005]
[-4.00797, -10.2274, 72.3508]
[16.4315, -5.72032, 87.4318]
[15.2767, -9.76222, 83.4181]
[16.54, 7.28777, 94.8761]
[-8.21279, 0.0451254, 81.2567]
[-7.49922, -0.359418, 81.3113]
[-47.6646, -34.138, 131.271]
[14.7585, -10.7071, 82.2743]
[8.51196, 15.8902, 95.8986]
[-47.3126, -32.8735, 130.548]
[-8.76669, -2.81659, 78.4842]
[-10.2781, 4.37355, 83.687]
[-10.0891, -0.449091, 80.0638]
[-10.4823, 3.12235, 82.6992]
[8.71724, 16.2621, 96.0186]
[-6.61421, 2.56221, 83.9764]
[7.63269, 14.1332, 95.1243]
[112.269, -25.9748, -233.519]
[8.72437, 14.7286, 95.6377]
[7.4169, 15.9437, 95.5919]
[8.38679, 15.6285, 95.747]
[37.3507, 14.215, 101.148]
[-8.33334, -2.66048, 78.9349]
[-9.40834, 5.50546, 84.8178]
[7.43034, 14.4117, 95.1389]
[-10.3538, 2.80631, 82.5793]
[-10.8437, 0.234446, 80.3067]
[-12.4916, -3.76019, 75.6302]
[-6.16493, -6.80008, 75.3786]
[-7.51209, -0.340204, 81.3565]
[13.0344, 0.613842, 90.4045]
[-47.3439, -33.0008, 130.579]
[-46.4171, -32.9857, 130.777]
[-9.87171, -0.515978, 80.1139]
[20.1469, -7.06644, 88.234]
[-7.16268, 0.0485998, 81.8461]
[13.0431, -7.10606, 85.1]
[13.1593, -7.1005, 85.1227]
[14.827, 6.68949, 94.0861]
[14.9098, -1.81926, 89.6598]
[14.7823, -2.07678, 89.5205]
[18.0348, -1.99171, 90.7053]
[13.1298, 9.43384, 94.6915]
[17.4211, -11.826, 82.3555]
[17.0665, 7.00586, 94.9257]
[16.5754, -11.4732, 82.2882]
[15.9749, -11.4012, 82.0644]
[16.42, -5.82072, 87.4303]
[15.4674, -3.17347, 88.9571]
[13.3067, 8.27722, 94.2567]
[16.5477, -5.24497, 87.811]
[13.9236, -2.15233, 88.9418]
[16.0927, 7.39806, 94.7932]
[-7.00696, -1.21291, 80.7969]
[17.4531, 1.13694, 92.2931]
[20.845, -6.57484, 88.7885]
[19.2846, -12.9098, 82.1882]
[-47.8324, -34.1403, 131.551]
[-46.8981, -34.0938, 131.515]
[-11.3289, -0.903524, 78.9639]
[-8.71473, -0.238998, 80.8017]
[-10.2703, 2.36847, 82.2012]
[-8.02443, 0.0921494, 81.4083]
[21.4351, 3.01595, 94.6393]
[-9.56756, 0.351635, 80.9469]
[-6.58431, -0.396587, 81.6112]
[-10.2246, 4.36208, 83.707]
[-7.66038, 2.359, 83.4061]
[-6.74743, 1.98812, 83.3916]
[-6.66876, 2.46271, 83.9673]
[-10.5976, 3.0916, 82.7047]
[-6.05728, -0.182006, 82.0124]
[18.1287, 0.0116579, 91.9774]
[-46.8476, -34.1691, 131.502]
[-12.0716, -16.7909, 45.8886]
[-47.6097, -33.1592, 131.354]
[14.8639, -2.05836, 89.4802]
[-17.6267, 12.2363, 97.4516]
[18.8578, -11.848, 83.0796]
[18.3092, -11.5362, 83.2357]
[16.563, -11.44, 82.2393]
[18.9837, -11.2829, 83.7938]
[37.9984, 31.3773, 97.6345]
[-6.71056, 1.88947, 83.3689]
[-7.91395, 1.27711, 82.6108]
[-7.67518, 2.3558, 83.4116]
[16.1276, 7.45663, 94.8225]
[-7.79608, 0.497881, 81.8997]
[-9.00749, 0.15171, 79.1528]
[20.2285, -7.03645, 88.2247]
[-8.84892, 3.16592, 83.3235]
[-7.99596, -0.0834817, 81.2101]
[-6.05692, -8.96789, 72.6351]
[13.1352, -7.12486, 85.1176]
[17.388, 8.57765, 95.5679]
[-9.56623, -0.467763, 80.282]
[-11.3289, -0.903524, 78.9639]
[14.06, -2.42742, 88.9437]
[-5.62763, -0.0296034, 82.2855]
[-7.50067, -0.341841, 81.4271]
[13.38, 8.28602, 94.247]
[16.4823, -6.06382, 87.4968]
[-4.72146, -7.98169, 74.8594]
[13.1688, 9.36585, 94.7272]
[21.4681, 3.17129, 94.6455]
[-7.07384, -1.43095, 80.6528]
[-8.67475, 4.81128, 84.5813]
[13.5441, 10.3842, 95.1825]
[14.4531, 11.0213, 95.673]
[16.4327, 0.428384, 91.5122]
[-47.5933, -34.1045, 131.189]
[-8.38249, 0.0109474, 81.2106]
[-7.18275, -8.51807, 72.5882]
[20.8453, -6.5994, 88.7887]
[-47.1016, -33.9616, 130.726]
[-6.16118, -17.8603, 51.5988]
[-6.32643, -17.84, 51.5222]
[-7.49597, -0.317773, 81.4258]
[16.5395, -1.25757, 90.5631]
[-7.68526, 2.30695, 83.4159]
[13.0702, 0.617848, 90.3592]
[16.3997, 0.306308, 91.5175]
[19.4211, -12.8448, 82.4205]
[18.2434, -11.7805, 82.8968]
[17.677, -11.6348, 82.6171]
[16.1539, -11.2801, 82.2022]
[13.6123, 10.4816, 95.147]
[-7.1276, 0.366203, 82.0733]
[13.4141, 8.17834, 94.3496]
[17.6479, 20.2322, 66.3367]
[-8.73588, 4.81565, 84.6435]
[16.5546, -5.27649, 87.7705]
[-11.3378, -0.741099, 78.9278]
[13.2047, 9.463, 94.7208]
[18.4363, -7.09099, 87.3234]
[-6.04144, -9.0016, 72.6421]
[13.1611, -7.17932, 85.1215]
[-5.98947, -8.47019, 73.1882]
[-16.0769, 20.7538, 88.2228]
[-8.9086, 3.15878, 83.3965]
[21.5662, 3.89795, 94.964]
[-6.08509, -0.703147, 81.6245]
[14.8768, -2.11647, 89.4841]
[-6.31816, -0.780822, 81.5148]
[-6.49183, -8.65979, 72.694]
[-8.00574, -0.123082, 81.293]
[23.2376, 22.88, 78.3978]
[-7.54758, -9.5891, 70.85]
[-6.28025, -0.270652, 81.917]
[18.0702, -6.8472, 87.1205]
[17.0338, 6.94421, 94.9755]
[14.9075, 6.64323, 94.1705]
[17.9719, -0.0309046, 91.8408]
[19.0871, -11.9753, 83.2233]
[-8.09554, 1.79378, 82.5595]
[18.233, -11.8008, 82.8041]
[17.6253, -11.6171, 82.5396]
[18.9795, -11.3068, 83.8028]
[18.5418, -11.013, 84.062]
[13.0181, 0.468206, 90.2575]
[-47.6592, -33.414, 132.059]
[13.6463, 10.3056, 95.1767]
[-6.87361, -1.15192, 80.9758]
[-8.79827, 4.73769, 84.6286]
[-6.93197, -9.00165, 72.1264]
[-6.61601, -8.66814, 72.7548]
[-5.31393, -8.10637, 74.3508]
[-4.7839, -8.05353, 74.9282]
[-7.77858, 0.539813, 81.8612]
[13.3975, 8.21256, 94.3427]
[-10.2744, 2.09917, 82.0134]
[-9.87885, -2.11826, 79.0148]
[-17.4506, 11.6552, 99.2897]
[-0.455393, 1.66958, 86.2006]
[-7.77598, 2.25111, 83.2411]
[16.7188, 6.66286, 94.6215]
[13.0782, 0.388971, 90.2717]
[14.0569, -2.46299, 88.8639]
[19.2225, -12.6656, 82.4808]
[17.6608, -11.5038, 82.5831]
[-5.32558, -8.07837, 74.3438]
[-6.47119, -11.3887, 68.8889]
[19.887, -8.13324, 87.3264]
[-7.05321, -9.11041, 71.9536]
[18.269, -7.29297, 87.0594]
[14.383, -2.17991, 88.8501]
[17.1796, 0.883987, 92.228]
[13.1453, 9.39439, 94.7156]
[17.0953, 8.09414, 95.4444]
[-7.54562, -1.66311, 80.2328]
[-8.1141, -0.44276, 81.0949]
[16.8069, -1.4547, 90.6516]
[18.3516, -11.3176, 83.5402]
[-7.33379, -0.835885, 81.0394]
[15.9309, 7.4284, 94.7078]
[-18.4627, -0.707983, 111.382]
[17.1796, 0.883987, 92.228]
[15.1745, 6.6671, 94.208]
[17.3013, -12.6699, 81.2223]
[13.9417, 10.0796, 95.262]
[16.7158, 6.55633, 94.6352]
[-12.5443, 0.404242, 79.7753]
[17.6543, -2.11341, 90.5763]
[15.1041, 8.59616, 94.6685]
[-16.2506, 22.8217, 83.5975]
[18.2745, -0.857045, 91.4893]
[18.5319, -7.99827, 86.755]
[18.1881, 0.0516563, 91.9303]
[13.6337, 10.3543, 95.188]
[17.1763, 8.26014, 95.3865]
[-6.62158, -11.1606, 68.966]
[15.8957, -1.06516, 90.2299]
[19.1002, -11.9695, 83.0716]
[-5.60018, -9.70474, 71.8811]
[18.6033, -8.82309, 86.3667]
[-7.49903, 0.274406, 82.0248]
[-6.65599, -8.51132, 73.0323]
[-5.47472, -10.1069, 71.336]
[14.3495, -1.90092, 89.3061]
[-12.5663, 0.607131, 79.7168]
[4.57192, -10.1572, 75.4547]
[15.6991, 7.26761, 94.7053]
[-6.33227, -11.3645, 69.0181]
[-4.17605, -9.31159, 73.5081]
[-6.95799, -11.159, 68.9866]
[13.2837, -0.242316, 89.901]
[16.4598, 6.59066, 94.5571]
[18.6165, -8.00602, 86.8745]
[19.8085, -7.95206, 87.4155]
[-15.7094, 20.9157, 88.2535]
[-17.4218, 12.1201, 98.6494]
[-16.3209, 22.6926, 82.9767]
[15.0379, -2.88486, 88.9695]
[15.2611, -2.15919, 89.4982]
[17.4291, -1.94481, 90.4839]
[17.1807, 0.947017, 92.2232]
[-4.39897, -10.5308, 71.0861]
[-7.45318, -0.992102, 80.9853]
[-14.2154, 0.123012, 78.8995]
[11.2984, 28.6038, 89.3411]
[31.8559, 2.1589, 87.0588]
[8.76793, 10.7871, 84.0933]
[-46.695, -33.0698, 131.391]
[-47.3126, -32.8735, 130.548]
[31.8285, 8.31784, 89.8402]
[10.3366, 28.9616, 88.9512]
[11.3616, 29.4292, 89.3851]
[22.106, 14.3123, 89.5685]
[31.7068, 8.43712, 89.8439]
[-16.2527, 22.8077, 82.8866]
[28.6276, 9.2123, 89.3653]
[8.6418, 10.1918, 83.8199]
[30.3201, 18.4163, 92.5964]
[33.3358, 9.62615, 90.7116]
[2.83524, 12.0365, 82.5041]
[30.3674, -4.30041, 82.6511]
[30.2208, -4.47885, 82.3187]
[7.29206, 12.1007, 84.0545]
[29.9258, -4.56833, 82.3056]
[33.5028, -5.59716, 82.5965]
[32.0278, -5.54367, 82.0648]
[33.8219, -5.4529, 82.8686]
[34.0679, -4.57414, 83.5817]
[33.8165, -4.59273, 83.4245]
[33.4438, -5.37899, 82.6156]
[32.3082, -5.28251, 82.3192]
[31.7474, -5.17533, 82.2269]
[32.717, 10.9674, 91.0034]
[35.2165, -0.746155, 86.5615]
[10.0429, 27.6755, 88.848]
[36.0519, 1.11145, 87.7111]
[24.5481, 31.5285, 93.5858]
[35.1886, 0.323399, 87.1663]
[30.2088, 7.53459, 89.1138]
[29.5317, 7.073, 88.7642]
[35.9087, 0.842552, 87.5367]
[33.2232, 6.98541, 89.622]
[28.9329, 20.5828, 92.8259]
[23.2759, 30.5432, 93.2844]
[28.6355, 0.965813, 85.566]
[30.9071, 5.78924, 88.5122]
[29.1916, 23.2461, 93.3273]
[6.92351, 0.0712315, 77.4046]
[32.1814, 2.56401, 87.2875]
[24.7956, 31.2655, 93.6133]
[-47.6646, -34.138, 131.271]
[63.2483, -6.21547, 91.5235]
[23.5471, 31.0491, 93.3473]
[33.1165, -5.86705, 82.209]
[10.5191, 0.442651, 78.9776]
[112.269, -25.9748, -233.519]
[10.1666, 4.90418, 81.8512]
[25.4041, 30.289, 93.7168]
[23.6061, -14.7729, 70.6948]
[6.6097, 19.5134, 86.1586]
[8.23757, 10.3603, 83.7464]
[9.28269, 15.5364, 86.069]
[10.1543, 11.9684, 84.9722]
[9.31958, 8.99007, 83.4817]
[6.02698, 12.406, 83.7817]
[5.33368, 15.8007, 84.701]
[8.88132, -1.0062, 77.2232]
[10.4996, 0.429342, 78.9845]
[-49.4677, -35.7604, 130.139]
[-46.8981, -34.0938, 131.515]
[-47.3439, -33.0008, 130.579]
[-46.4171, -32.9857, 130.777]
[30.8469, 5.85432, 88.5421]
[29.6096, 7.0333, 88.7391]
[35.8963, 0.890057, 87.5379]
[63.4812, -7.07538, 91.086]
[33.6105, 8.50369, 90.3194]
[10.9692, 28.8436, 89.2434]
[7.1644, 12.098, 84.0059]
[10.0257, 27.7693, 88.7826]
[33.875, -5.41428, 82.8732]
[34.4779, -5.37116, 83.256]
[32.3427, -5.33279, 82.2697]
[33.9313, -5.11412, 83.1037]
[33.7236, -4.65064, 83.4513]
[34.0583, -4.6421, 83.5789]
[31.6977, 10.2742, 90.52]
[32.8063, 20.6325, 93.3327]
[32.7092, 10.99, 90.9811]
[8.36359, 12.4781, 84.532]
[31.7418, -4.75422, 82.5322]
[5.60747, 8.96488, 82.1829]
[33.4107, -5.73813, 82.4118]
[5.60724, 17.9184, 85.376]
[35.2202, -0.692789, 86.5881]
[28.7951, 22.1894, 93.0808]
[5.12728, 16.1804, 84.7586]
[8.16977, 10.3009, 83.7201]
[28.6115, 0.914563, 85.5641]
[32.7213, 20.3132, 93.3875]
[22.1158, 14.2644, 89.5736]
[7.57796, 14.2357, 84.95]
[22.2636, 14.5465, 89.8634]
[4.0097, 10.6003, 82.2036]
[-17.5777, 12.5419, 96.34]
[5.46412, 11.297, 83.1659]
[10.7134, 0.468519, 79.0808]
[6.98132, 0.100962, 77.4447]
[8.85044, -0.982435, 77.2097]
[31.8737, -4.74148, 82.5278]
[8.16077, 11.6358, 84.2705]
[9.23521, 15.4665, 86.0582]
[8.58053, 12.2433, 84.5906]
[8.78803, 12.639, 84.8332]
[9.26558, 11.4801, 84.5267]
[9.56771, 11.6747, 84.7307]
[35.186, -0.927479, 86.4048]
[28.8413, 22.1025, 93.1075]
[3.97891, 10.5811, 82.1885]
[8.17645, 11.7458, 84.262]
[-6.28853, -17.7594, 51.2836]
[-46.6656, -33.1304, 130.786]
[30.8144, 5.95705, 88.5798]
[7.66858, 11.9378, 84.0811]
[29.6311, 6.96543, 88.7108]
[33.2034, 7.02001, 89.599]
[22.0999, 14.2597, 89.5713]
[34.7663, -7.51632, 81.6693]
[8.80346, 10.5465, 84.0151]
[34.9929, -7.33958, 81.8773]
[28.9609, 20.7156, 92.8515]
[8.56388, 10.0871, 83.7488]
[32.3165, -5.33511, 82.2708]
[36.4876, 13.5378, 92.563]
[32.0169, 17.8514, 92.7719]
[33.8302, -5.96442, 82.5529]
[33.3084, -5.81782, 82.3972]
[32.0579, -5.51106, 82.1043]
[31.7725, 8.26169, 89.7298]
[31.8037, -4.79833, 82.5442]
[33.7696, -4.73025, 83.3133]
[29.8952, -4.64433, 82.2998]
[32.4032, 18.2808, 92.9445]
[32.6745, 11.0631, 91.038]
[28.6314, 10.9571, 90.0343]
[8.15663, 15.3133, 85.5814]
[31.682, 10.2119, 90.5248]
[33.6263, -0.938671, 85.9841]
[35.2574, -0.375736, 86.6419]
[6.88052, -2.86247, 75.3915]
[17.5316, 28.6284, 88.9674]
[35.1995, 0.225112, 87.0813]
[33.6739, 0.394112, 86.6259]
[33.3204, 9.56615, 90.6602]
[28.6674, 0.865544, 85.5631]
[28.4996, 1.01252, 85.5657]
[9.3395, -1.18594, 77.3074]
[8.85368, -0.890406, 77.3349]
[7.93925, 12.7054, 84.6033]
[7.18368, 18.6837, 86.1245]
[10.1639, 0.295329, 78.7913]
[10.6927, 0.383758, 79.0712]
[31.9635, 2.71855, 87.3276]
[28.6416, 9.2441, 89.4054]
[31.8911, 2.14183, 87.1076]
[32.6906, 21.4107, 93.5709]
[-46.8476, -34.1691, 131.502]
[32.4438, -7.02428, 82.2345]
[9.71006, 11.1877, 84.5139]
[5.33869, 14.9159, 84.4225]
[7.29353, 12.0993, 84.075]
[8.10258, -0.480405, 77.3351]
[6.97061, 11.773, 83.9375]
[31.9687, -5.02116, 82.3194]
[30.4168, 7.26667, 89.0848]
[8.51198, 10.138, 83.6966]
[8.87277, -0.75733, 77.3945]
[30.121, 23.8863, 93.5954]
[33.594, 8.54658, 90.3109]
[33.8581, -6.00403, 82.464]
[33.3877, -5.82413, 82.3279]
[31.9743, -5.40578, 82.2901]
[33.7456, -5.36507, 82.8934]
[34.0537, -4.68259, 83.6004]
[28.679, 9.22708, 89.4701]
[30.5109, 18.4783, 92.632]
[33.1851, 9.55812, 90.5672]
[32.0942, 17.9375, 92.8069]
[29.033, 20.6087, 92.8649]
[35.3679, 0.302775, 87.1467]
[30.776, 5.98527, 88.5556]
[33.1269, 7.0449, 89.6332]
[31.413, 19.0425, 92.9946]
[9.45322, -0.440428, 77.9578]
[-6.32643, -17.84, 51.5222]
[10.6558, 0.290417, 79.1349]
[39.5729, 14.3306, 93.2785]
[28.8285, 22.2045, 93.0941]
[3.97891, 10.5811, 82.1885]
[-47.1016, -33.9616, 130.726]
[32.518, 18.4578, 92.9778]
[7.06035, 17.9352, 85.8477]
[17.2665, 28.7226, 88.7884]
[9.72885, 11.1979, 84.5215]
[32.7212, 20.3082, 93.3419]
[32.5457, 21.6392, 93.552]
[-16.0769, 20.7538, 88.2228]
[8.22213, -0.559824, 77.3899]
[7.70787, 11.8309, 84.1799]
[7.22308, 18.7078, 86.141]
[10.0266, 11.7752, 84.9535]
[8.54769, 12.7234, 84.7009]
[-17.6267, 12.2363, 97.4516]
[-47.6592, -33.414, 132.059]
[31.9805, 17.8425, 92.8285]
[-17.4506, 11.6552, 99.2897]
[28.6598, 9.25594, 89.4204]
[8.2195, 11.5409, 84.1592]
[2.69174, 12.3046, 82.5759]
[30.443, 18.4732, 92.6358]
[33.8389, -5.93315, 82.3703]
[31.9547, -5.24499, 82.1989]
[33.6578, -0.828953, 86.0391]
[35.0854, -0.815427, 86.3792]
[33.039, 6.92449, 89.5145]
[29.6288, 6.86717, 88.6748]
[10.6859, 0.217175, 79.0992]
[33.4685, 0.251943, 86.4234]
[35.3024, 0.292779, 87.0498]
[31.9898, 8.12581, 89.7632]
[9.30816, -1.13969, 77.3523]
[8.28634, -1.02563, 77.2392]
[8.7532, -5.10686, 74.0231]
[31.8271, 2.7882, 87.3488]
[28.9255, 22.041, 93.1266]
[28.6652, 10.8082, 89.9594]
[32.567, -5.94359, 82.1723]
[32.7263, 7.82939, 89.7822]
[29.4282, 23.8946, 93.244]
[32.5587, -5.48474, 82.2075]
[32.9588, -5.18176, 82.6503]
[32.507, 10.9136, 91.0187]
[31.9001, 2.45074, 87.221]
[39.5918, 13.6833, 93.1885]
[33.8961, -5.39202, 82.929]
[31.9913, -5.19765, 82.2147]
[30.6003, 5.94064, 88.5649]
[32.4478, 19.7908, 93.2671]
[32.7954, 7.04699, 89.5838]
[7.51887, -2.28668, 75.7908]
[31.3458, 19.0508, 92.9226]
[29.7752, 7.3649, 89.0095]
[32.0606, 17.8975, 92.8052]
[8.762, -4.98425, 74.0355]
[8.07576, -2.39431, 76.0443]
[28.6525, 9.14351, 89.3906]
[35.312, 0.139075, 87.0216]
[28.7839, 10.2577, 89.8385]
[33.3645, 9.58959, 90.6134]
[29.1496, 23.3096, 93.3356]
[8.79317, -0.569903, 77.4774]
[39.5213, 14.4188, 93.3388]
[29.5637, 21.8806, 93.3695]
[9.98844, -2.18832, 76.9215]
[10.3918, -2.77083, 76.433]
[5.23376, 13.943, 84.0253]
[30.5161, 18.2902, 92.6625]
[28.7463, 22.1359, 93.1005]
[32.4117, 10.745, 90.9948]
[8.18273, -3.2307, 75.8497]
[7.98559, 14.8978, 85.3722]
[35.3436, 0.0119464, 87.0372]
[34.0524, -6.89014, 82.191]
[2.59794, 12.4089, 82.4892]
[31.9294, -6.65485, 81.2911]
[34.1116, -6.18366, 82.4742]
[33.4377, -5.12823, 82.8212]
[30.8303, -4.07471, 82.7859]
[30.6138, 18.2972, 92.6568]
[31.949, 17.8365, 92.7799]
[9.92098, -3.03312, 76.1207]
[34.01, -0.787058, 86.1754]
[9.78802, -2.33853, 76.6091]
[9.44877, -0.884719, 77.7729]
[10.8666, -0.695541, 78.42]
[-18.4627, -0.707983, 111.382]
[32.0128, 2.02602, 87.1944]
[30.5041, 6.15676, 88.6179]
[30.532, 7.08716, 89.0857]
[32.8281, 7.05478, 89.5242]
[29.8374, 7.43421, 89.0062]
[10.1089, -4.81601, 74.788]
[8.18235, 13.0291, 84.6374]
[31.2161, 9.23153, 89.9743]
[-16.3209, 22.6926, 82.9767]
[7.7856, -1.58253, 76.5909]
[32.1891, 1.63494, 86.8239]
[10.7838, -0.555871, 78.5811]
[8.13574, -4.87328, 74.1087]
[22.3712, 14.0656, 89.7064]
[39.4985, 13.7227, 93.0537]
[28.7374, 9.74445, 89.6431]
[9.67982, -2.98888, 76.1714]
[29.5703, 7.67092, 89.0196]
[31.0202, 21.7889, 93.3188]
[32.5158, 7.21408, 89.4989]
[11.0859, -2.27991, 77.7639]
[30.7484, 20.2573, 92.9547]
[-15.7094, 20.9157, 88.2535]
[2.45365, 12.5402, 82.3607]
[11.0986, -3.62885, 75.8217]
[33.0519, -2.1997, 84.8442]
[-17.4218, 12.1201, 98.6494]
[14.6593, 14.0795, 87.4988]
[11.2984, 28.6038, 89.3411]
[7.4169, 15.9437, 95.5919]
[14.3461, 11.0385, 95.607]
[8.71724, 16.2621, 96.0186]
[8.51196, 15.8902, 95.8986]
[-4.00797, -10.2274, 72.3508]
[-7.49922, -0.359418, 81.3113]
[33.8165, -4.59273, 83.4245]
[-9.95186, -0.250113, 80.3046]
[-8.21279, 0.0451254, 81.2567]
[10.5191, 0.442651, 78.9776]
[9.62243, 15.7055, 96.1148]
[35.8336, -4.59316, 83.6444]
[19.2846, -12.9098, 82.1882]
[-10.2781, 4.37355, 83.687]
[31.4298, -4.68108, 82.4582]
[17.4574, 8.62289, 95.6394]
[8.72437, 14.7286, 95.6377]
[7.43034, 14.4117, 95.1389]
[7.63269, 14.1332, 95.1243]
[11.3616, 29.4292, 89.3851]
[35.2165, -0.746155, 86.5615]
[10.3366, 28.9616, 88.9512]
[-10.0891, -0.449091, 80.0638]
[11.8446, -1.62953, 89.851]
[18.483, -0.780841, 91.645]
[13.0725, 9.38585, 94.7113]
[33.3358, 9.62615, 90.7116]
[16.1458, 7.44824, 94.8069]
[-10.4823, 3.12235, 82.6992]
[35.1566, -5.48463, 82.6857]
[23.2759, 30.5432, 93.2844]
[9.31958, 8.99007, 83.4817]
[-6.16493, -6.80008, 75.3786]
[17.7188, -11.5316, 82.8531]
[37.3507, 14.215, 101.148]
[33.8219, -5.4529, 82.8686]
[32.1814, 2.56401, 87.2875]
[40.3675, 13.8556, 101.429]
[-10.8437, 0.234446, 80.3067]
[6.92351, 0.0712315, 77.4046]
[8.6418, 10.1918, 83.8199]
[8.38679, 15.6285, 95.747]
[36.0519, 1.11145, 87.7111]
[16.54, 7.28777, 94.8761]
[21.4351, 3.01595, 94.6393]
[10.1666, 4.90418, 81.8512]
[-12.4916, -3.76019, 75.6302]
[15.2767, -9.76222, 83.4181]
[-8.33334, -2.66048, 78.9349]
[23.6061, -14.7729, 70.6948]
[63.2483, -6.21547, 91.5235]
[10.0429, 27.6755, 88.848]
[24.7956, 31.2655, 93.6133]
[33.4229, -4.78335, 82.6473]
[16.0927, 7.39806, 94.7932]
[13.3067, 8.27722, 94.2567]
[35.2491, 20.3211, 93.4794]
[18.0348, -1.99171, 90.7053]
[20.2285, -7.03645, 88.2247]
[-7.66038, 2.359, 83.4061]
[17.0665, 7.00586, 94.9257]
[24.5481, 31.5285, 93.5858]
[2.83524, 12.0365, 82.5041]
[33.4107, -5.73813, 82.4118]
[33.6105, 8.50369, 90.3194]
[33.9313, -5.11412, 83.1037]
[-8.02443, 0.0921494, 81.4083]
[7.29206, 12.1007, 84.0545]
[-8.71473, -0.238998, 80.8017]
[-9.87171, -0.515978, 80.1139]
[33.7236, -4.65064, 83.4513]
[-7.51209, -0.340204, 81.3565]
[18.8578, -11.848, 83.0796]
[8.00277, 10.4121, 83.6252]
[-7.00696, -1.21291, 80.7969]
[25.4041, 30.289, 93.7168]
[5.60747, 8.96488, 82.1829]
[35.2202, -0.692789, 86.5881]
[33.6263, -0.938671, 85.9841]
[32.7092, 10.99, 90.9811]
[10.9692, 28.8436, 89.2434]
[16.5477, -5.24497, 87.811]
[13.0344, 0.613842, 90.4045]
[8.36359, 12.4781, 84.532]
[23.5471, 31.0491, 93.3473]
[21.4681, 3.17129, 94.6455]
[10.1543, 11.9684, 84.9722]
[35.1837, 30.0098, 99.0451]
[-6.74743, 1.98812, 83.3916]
[10.4996, 0.429342, 78.9845]
[-10.2703, 2.36847, 82.2012]
[9.25047, -1.15172, 77.4029]
[3.95656, -1.79884, 78.5621]
[63.4812, -7.07538, 91.086]
[-7.16268, 0.0485998, 81.8461]
[35.1995, 0.225112, 87.0813]
[16.1276, 7.45663, 94.8225]
[8.58053, 12.2433, 84.5906]
[31.8037, -4.79833, 82.5442]
[33.7696, -4.73025, 83.3133]
[29.6311, 6.96543, 88.7108]
[30.8144, 5.95705, 88.5798]
[17.388, 8.57765, 95.5679]
[13.38, 8.28602, 94.247]
[32.4032, 18.2808, 92.9445]
[35.186, -0.927479, 86.4048]
[10.0257, 27.7693, 88.7826]
[35.2574, -0.375736, 86.6419]
[8.80346, 10.5465, 84.0151]
[32.0169, 17.8514, 92.7719]
[14.4531, 11.0213, 95.673]
[31.9635, 2.71855, 87.3276]
[7.57796, 14.2357, 84.95]
[32.6745, 11.0631, 91.038]
[6.98132, 0.100962, 77.4447]
[30.2208, -4.47885, 82.3187]
[-0.204633, 9.06934, 82.8195]
[13.5441, 10.3842, 95.1825]
[28.6416, 9.2441, 89.4054]
[-9.56623, -0.467763, 80.282]
[11.8403, -1.88733, 89.6799]
[32.0579, -5.51106, 82.1043]
[33.2034, 7.02001, 89.599]
[8.85368, -0.890406, 77.3349]
[37.9984, 31.3773, 97.6345]
[34.7663, -7.51632, 81.6693]
[-5.62763, -0.0296034, 82.2855]
[10.1639, 0.295329, 78.7913]
[-7.91395, 1.27711, 82.6108]
[-6.71056, 1.88947, 83.3689]
[5.33869, 14.9159, 84.4225]
[-8.84892, 3.16592, 83.3235]
[-8.67475, 4.81128, 84.5813]
[5.46412, 11.297, 83.1659]
[8.78803, 12.639, 84.8332]
[23.6168, 14.0029, 89.9464]
[35.3679, 0.302775, 87.1467]
[28.679, 9.22708, 89.4701]
[33.594, 8.54658, 90.3109]
[30.4168, 7.26667, 89.0848]
[19.0871, -11.9753, 83.2233]
[33.7456, -5.36507, 82.8934]
[18.9795, -11.3068, 83.8028]
[31.413, 19.0425, 92.9946]
[30.776, 5.98527, 88.5556]
[33.1269, 7.0449, 89.6332]
[-0.455393, 1.66958, 86.2006]
[-5.98947, -8.47019, 73.1882]
[0.799564, 24.8916, 85.1195]
[13.6123, 10.4816, 95.147]
[6.97061, 11.773, 83.9375]
[16.5546, -5.27649, 87.7705]
[18.0702, -6.8472, 87.1205]
[34.364, 17.7451, 92.9568]
[8.51198, 10.138, 83.6966]
[-8.78691, -6.90332, 73.6679]
[-6.04144, -9.0016, 72.6421]
[23.2376, 22.88, 78.3978]
[30.121, 23.8863, 93.5954]
[32.7212, 20.3082, 93.3419]
[1.35319, -2.53762, 76.68]
[10.6859, 0.217175, 79.0992]
[-6.28025, -0.270652, 81.917]
[9.45322, -0.440428, 77.9578]
[10.0266, 11.7752, 84.9535]
[-6.30816, -17.8575, 51.2274]
[35.0974, 21.3635, 93.69]
[6.88052, -2.86247, 75.3915]
[-8.9086, 3.15878, 83.3965]
[31.9547, -5.24499, 82.1989]
[33.8961, -5.39202, 82.929]
[39.5729, 14.3306, 93.2785]
[-6.61601, -8.66814, 72.7548]
[35.3024, 0.292779, 87.0498]
[28.6598, 9.25594, 89.4204]
[33.6578, -0.828953, 86.0391]
[19.2225, -12.6656, 82.4808]
[33.8389, -5.93315, 82.3703]
[-7.77858, 0.539813, 81.8612]
[8.2195, 11.5409, 84.1592]
[-12.7915, 0.465725, 78.1247]
[34.1848, -5.73107, 82.2896]
[17.0953, 8.09414, 95.4444]
[17.6608, -11.5038, 82.5831]
[31.8271, 2.7882, 87.3488]
[29.5637, 21.8806, 93.3695]
[33.039, 6.92449, 89.5145]
[-7.77598, 2.25111, 83.2411]
[13.6463, 10.3056, 95.1767]
[-6.93197, -9.00165, 72.1264]
[9.30816, -1.13969, 77.3523]
[-8.09554, 1.79378, 82.5595]
[8.28634, -1.02563, 77.2392]
[7.06035, 17.9352, 85.8477]
[-6.87361, -1.15192, 80.9758]
[32.9588, -5.18176, 82.6503]
[28.9255, 22.041, 93.1266]
[-7.54758, -9.5891, 70.85]
[32.507, 10.9136, 91.0187]
[30.532, 7.08716, 89.0857]
[28.6525, 9.14351, 89.3906]
[28.7839, 10.2577, 89.8385]
[18.5319, -7.99827, 86.755]
[8.79317, -0.569903, 77.4774]
[35.312, 0.139075, 87.0216]
[18.6033, -8.82309, 86.3667]
[8.07576, -2.39431, 76.0443]
[39.5918, 13.6833, 93.1885]
[14.383, -2.17991, 88.8501]
[2.69174, 12.3046, 82.5759]
[31.9913, -5.19765, 82.2147]
[7.98559, 14.8978, 85.3722]
[39.5213, 14.4188, 93.3388]
[18.3516, -11.3176, 83.5402]
[34.0524, -6.89014, 82.191]
[30.6003, 5.94064, 88.5649]
[2.16603, -6.68177, 73.6559]
[19.1002, -11.9695, 83.0716]
[-10.2744, 2.09917, 82.0134]
[18.2745, -0.857045, 91.4893]
[-7.05321, -9.11041, 71.9536]
[-8.1141, -0.44276, 81.0949]
[7.51887, -2.28668, 75.7908]
[-7.49903, 0.274406, 82.0248]
[32.7263, 7.82939, 89.7822]
[9.98844, -2.18832, 76.9215]
[-7.54562, -1.66311, 80.2328]
[31.9001, 2.45074, 87.221]
[10.3918, -2.77083, 76.433]
[17.3013, -12.6699, 81.2223]
[10.8666, -0.695541, 78.42]
[15.6991, 7.26761, 94.7053]
[-6.65599, -8.51132, 73.0323]
[5.23376, 13.943, 84.0253]
[34.1116, -6.18366, 82.4742]
[32.4438, -7.02428, 82.2345]
[33.4377, -5.12823, 82.8212]
[-6.62158, -11.1606, 68.966]
[15.2611, -2.15919, 89.4982]
[19.8085, -7.95206, 87.4155]
[35.3436, 0.0119464, 87.0372]
[9.44877, -0.884719, 77.7729]
[15.1041, 8.59616, 94.6685]
[8.18273, -3.2307, 75.8497]
[15.8957, -1.06516, 90.2299]
[31.9294, -6.65485, 81.2911]
[30.8303, -4.07471, 82.7859]
[-7.33379, -0.835885, 81.0394]
[10.1089, -4.81601, 74.788]
[32.0128, 2.02602, 87.1944]
[29.5703, 7.67092, 89.0196]
[-1.05467, -7.45702, 72.1915]
[-6.33227, -11.3645, 69.0181]
[10.7838, -0.555871, 78.5811]
[14.6286, 28.706, 87.8083]
[14.6593, 14.0795, 87.4988]
[9.67982, -2.98888, 76.1714]
[4.57192, -10.1572, 75.4547]
[22.3712, 14.0656, 89.7064]
[39.4985, 13.7227, 93.0537]
[7.7856, -1.58253, 76.5909]
[30.7484, 20.2573, 92.9547]
[8.18235, 13.0291, 84.6374]
[-14.2154, 0.123012, 78.8995]
[31.2161, 9.23153, 89.9743]
[33.0519, -2.1997, 84.8442]
[31.0202, 21.7889, 93.3188]
[32.5158, 7.21408, 89.4989]
[-7.45318, -0.992102, 80.9853]
[32.1891, 1.63494, 86.8239]
