[-8.72838, 6.90445, 42.6342]
[-1.421, -10.736, 30.2935]
[-5.28016, -0.606688, 42.8402]
[-4.27234, -0.954606, 45.1972]
[-6.80505, 8.95632, 48.4917]
[-9.05517, 7.25335, 42.2728]
[-6.19876, 8.76614, 49.3498]
[-6.77389, 6.22641, 46.6189]
[-4.91634, 7.48092, 50.2947]
[-6.3198, 6.14435, 47.3619]
[-6.20589, 6.18759, 47.6091]
[-2.91281, -1.29205, 47.1134]
[-4.20911, -1.21131, 45.0788]
[-4.96481, -1.97743, 42.0616]
[-7.52247, 7.12323, 45.8365]
[-4.92384, 10.6193, 51.9467]
[-6.0976, 9.14962, 49.7072]
[15.3989, -1.34205, 66.7898]
[-10.0707, 18.0623, 48.4043]
[-6.48535, 6.76005, 47.5911]
[-4.49937, 15.3538, 54.2932]
[-8.12944, 12.612, 48.4541]
[-5.55858, 1.86328, 44.7669]
[11.6274, 16.7983, 65.3361]
[-8.30308, 11.2746, 47.2827]
[-5.46605, 13.3295, 52.4065]
[-5.3353, 11.461, 51.9003]
[-4.52109, 13.4905, 53.5558]
[11.7389, 15.7948, 65.4151]
[-5.11611, 9.31146, 51.1001]
[11.6575, 16.7237, 65.3384]
[-4.83504, 10.2445, 51.8705]
[-5.15051, 5.60729, 48.9915]
[-6.50725, 8.90541, 48.7657]
[-6.09248, 8.82239, 49.3231]
[-5.27094, 5.26969, 48.5444]
[-5.76885, 4.16818, 46.6814]
[-6.99972, 5.15756, 45.2441]
[-5.5082, 4.1066, 47.1564]
[-11.0576, 20.4532, 54.2371]
[-1.45759, -10.7902, 30.4901]
[-5.08807, 4.1985, 47.8891]
[-1.633, -10.5112, 30.6356]
[-1.7828, -10.3616, 30.2276]
[-6.60179, 6.7625, 47.5481]
[-8.69779, 6.90663, 42.6308]
[-7.98626, 6.33141, 43.901]
[-6.50917, 6.74975, 47.5345]
[-9.03831, 7.34292, 42.4022]
[-6.81839, 4.51427, 45.0003]
[10.1384, -13.666, 57.8678]
[-10.9982, 20.4366, 54.2285]
[-5.81707, 6.68081, 48.5883]
[-6.70451, 4.58002, 44.9797]
[-4.62852, 16.0981, 54.4079]
[-5.23954, 15.6847, 53.6683]
[-5.31216, 5.0117, 48.2927]
[-8.24289, 10.5498, 46.9265]
[-0.24895, 5.38148, 54.7912]
[21.7933, -1.45929, 69.8425]
[11.9941, 17.1786, 65.4926]
[-4.00256, -3.50457, 42.686]
[-4.51565, -0.932841, 44.702]
[-4.09305, -1.04141, 45.4249]
[21.478, -1.0176, 69.8515]
[-6.31727, 9.18875, 49.3881]
[-7.52092, 7.15625, 45.8067]
[-4.59073, 13.4637, 53.4911]
[-6.11024, 12.5791, 51.3336]
[15.3989, -1.34205, 66.7898]
[-5.01454, -1.95249, 42.1184]
[-4.6651, 12.5243, 53.0187]
[-5.63496, 5.89343, 48.3279]
[25.314, 15.9344, 69.6272]
[17.5557, 14.5717, 68.2361]
[-7.90066, 11.4607, 48.3379]
[-8.36318, 11.3079, 47.3708]
[-6.28124, 11.358, 50.7588]
[-4.37862, -1.04133, 44.8695]
[-4.2751, -0.943024, 45.1963]
[-4.96658, 7.4363, 50.3106]
[-3.54877, -0.799395, 46.5695]
[-7.46426, 6.22372, 45.2566]
[-6.80409, 6.23054, 46.6231]
[-9.08383, 7.23568, 42.2766]
[-3.24949, -0.729597, 46.9981]
[-6.33941, 6.18465, 47.3375]
[-5.33954, 6.24739, 49.079]
[-7.032, 6.32299, 46.2381]
[-6.13217, 6.27902, 47.7107]
[24.8397, 14.4067, 69.6789]
[-5.21657, 4.15601, 47.7251]
[-5.36125, 6.32205, 49.0826]
[-5.64597, 5.89983, 48.2823]
[-9.02596, 7.35234, 42.4004]
[-5.04959, -0.583287, 43.8579]
[-3.55528, -0.793747, 46.5698]
[-6.30742, 6.20706, 47.404]
[-4.23936, -0.96077, 45.1282]
[-3.92714, -0.970215, 45.549]
[-7.40234, 7.65319, 52.0953]
[-4.45331, -0.964957, 44.6985]
[-4.98011, 10.5826, 51.9244]
[-7.38718, 8.22222, 46.8286]
[-5.30484, 15.5025, 53.4316]
[-0.298419, 5.35895, 54.8087]
[21.7792, -7.5797, 69.9827]
[-4.6972, 14.9768, 53.8201]
[10.1126, -13.7359, 57.888]
[-1.47539, -10.7325, 30.4544]
[-1.7798, -10.3667, 30.2292]
[-4.79031, 5.31207, 49.2703]
[15.9583, 13.7844, 67.4152]
[16.5264, 22.4337, 67.406]
[-5.10815, 11.3059, 52.0838]
[21.4983, -1.00765, 69.8319]
[-4.89447, 4.21473, 47.8545]
[14.2758, 17.4305, 66.3704]
[-8.29601, 11.3501, 47.3559]
[21.3931, -0.986996, 69.9207]
[-9.05662, 12.9571, 46.6932]
[-6.99916, 9.04304, 48.0422]
[-5.49654, 13.2613, 52.3026]
[-6.54721, 6.27071, 47.1469]
[-4.63304, 5.6471, 49.8474]
[-6.05459, 12.5266, 51.3202]
[-3.90302, -1.49245, 45.3269]
[-5.57861, 1.62991, 44.6454]
[-4.64387, 12.552, 53.0092]
[-5.16882, 9.36443, 51.2158]
[-5.10604, 12.1999, 52.387]
[-3.82787, -1.5591, 45.3253]
[-10.863, 20.402, 54.2486]
[17.5523, 14.5859, 68.2276]
[-2.87902, -1.39796, 47.0037]
[22.0623, -5.38786, 70.0514]
[-3.55898, -0.804161, 46.5715]
[-3.91665, -1.03191, 45.4645]
[-4.26825, -0.972338, 45.155]
[23.3794, 0.717411, 70.4163]
[-9.08525, 7.08223, 42.031]
[-3.94059, -1.34804, 45.3694]
[-5.65773, 5.92671, 48.3142]
[-4.59312, 9.8552, 51.9344]
[-4.94992, 5.25985, 49.3065]
[-0.445986, 5.40736, 54.8016]
[-6.05641, 8.26644, 49.1668]
[21.6984, -7.6731, 70.0695]
[-5.90218, 6.10277, 47.997]
[-7.31292, 8.24175, 46.9234]
[-5.44148, 6.35929, 48.9673]
[-7.86436, 6.42514, 44.0296]
[-5.84028, 6.55469, 48.4694]
[-4.33463, -1.34181, 44.4311]
[-5.11898, 11.3127, 52.0852]
[-4.98011, 10.5826, 51.9244]
[-5.57718, 15.4863, 53.1914]
[-5.21303, 15.485, 53.7656]
[-5.11757, 12.1711, 52.3716]
[10.1514, -13.6624, 57.8627]
[-6.0727, 12.5866, 51.3154]
[-3.89866, -1.56355, 45.3343]
[-6.2103, 6.3036, 47.6219]
[-5.13722, 9.38109, 51.2068]
[-8.29064, 9.94554, 46.5252]
[-5.44963, 13.2477, 52.4053]
[-5.39746, 1.52543, 44.5413]
[15.4475, 3.45999, 67.071]
[-7.33274, 5.17047, 44.4758]
[-4.67609, 12.6284, 53.0701]
[-7.28248, 7.54537, 46.1719]
[-4.20765, -2.29986, 43.6331]
[21.1167, -4.66802, 69.424]
[-4.56356, 9.85089, 51.9284]
[-5.42796, 6.26429, 48.8688]
[23.3412, 0.605995, 70.5025]
[-3.95681, -1.3949, 45.4592]
[-6.3342, 6.87534, 47.9463]
[-3.15427, -1.30601, 46.7596]
[-4.92279, -0.751065, 43.86]
[-6.21546, 6.23258, 47.7113]
[-0.48881, 5.37048, 54.8194]
[-3.53064, -0.775992, 46.4843]
[-5.40899, 11.4399, 51.7722]
[17.6643, -4.43021, 67.8098]
[21.1882, -5.62063, 69.9907]
[-6.09321, 8.05806, 49.2403]
[-5.70436, 5.87745, 48.3147]
[-4.85639, 10.2281, 51.8463]
[21.4175, -1.31489, 69.9834]
[-5.78064, 6.57439, 48.4033]
[-8.28157, 11.2593, 47.4111]
[-7.38728, 5.144, 44.4798]
[-4.52278, 13.1729, 53.4778]
[-6.89134, 6.17411, 45.731]
[-6.12653, 6.88255, 47.9429]
[-8.72836, 6.81037, 42.5481]
[-5.63975, 1.64376, 44.4262]
[-6.01604, 7.48093, 48.6547]
[-3.66358, -1.81941, 45.6428]
[-8.33971, 9.97332, 46.67]
[-4.70731, 12.6331, 53.0768]
[-7.55921, 7.8764, 46.9978]
[-4.92259, 10.2261, 51.7799]
[-3.77895, 9.75579, 53.0954]
[-4.97679, 9.45762, 51.3254]
[-6.13242, 8.16827, 49.008]
[-5.47167, 6.1505, 48.8585]
[17.743, -4.276, 67.6322]
[-5.63299, 1.58077, 44.2722]
[-8.04612, 6.49915, 44.0927]
[-5.7752, 6.52891, 48.4723]
[15.3942, -1.27079, 66.5704]
[-3.62371, -1.97545, 45.1174]
[-3.65715, -0.660446, 46.3338]
[-3.30909, -0.689425, 46.8907]
[-5.49644, 4.87291, 47.9513]
[-5.92364, 5.97571, 47.8863]
[-6.97796, 5.88471, 45.6556]
[-5.49606, 5.30529, 48.5811]
[-4.83868, 5.25442, 49.1663]
[-5.24228, 5.45117, 48.5195]
[-5.65199, 5.77716, 48.3514]
[-5.22001, 12.106, 52.3194]
[-4.70201, 12.5407, 53.0518]
[-4.22704, -2.35906, 43.5602]
[15.3509, 3.15778, 67.1913]
[18.7301, -5.90021, 68.4394]
[20.8708, -8.36346, 69.1507]
[21.0877, -5.99118, 69.567]
[18.2665, -5.1368, 68.1207]
[17.7583, -4.41862, 67.8989]
[-3.79165, -3.52649, 42.8515]
[-2.77553, -2.41719, 46.293]
[-3.59194, -2.06152, 45.2644]
[-2.9206, -1.67286, 46.6783]
[-5.15527, 10.2478, 51.7072]
[-5.18795, -0.799545, 43.0698]
[-4.45044, 9.98225, 52.0717]
[-3.76324, 9.80567, 53.0221]
[-5.97748, 7.36907, 48.6555]
[-5.61938, 1.49264, 44.1872]
[-5.77309, 6.61762, 48.5966]
[-5.05887, 4.88666, 48.4652]
[-4.52434, 13.1819, 53.4316]
[-5.45611, 1.3647, 44.1789]
[-3.84163, -3.56104, 42.8589]
[20.9655, -5.89844, 69.603]
[19.0133, -5.9671, 68.5868]
[-5.21318, -0.735502, 42.8376]
[-3.23639, -3.67592, 43.9427]
[17.4823, -2.70115, 67.443]
[-2.70577, -2.39435, 46.2811]
[-3.65513, 18.3929, 56.0864]
[-4.86497, -2.04408, 42.0998]
[-4.05661, 18.3303, 56.2131]
[15.2003, -1.02964, 66.5235]
[-4.69877, -1.34007, 44.3743]
[-3.00321, -1.57496, 46.6341]
[-4.20098, -0.964459, 44.2825]
[15.4705, 13.7849, 66.9644]
[-4.83844, -0.556931, 43.7485]
[-5.12069, 10.5264, 51.6111]
[-5.03504, 10.3165, 51.6254]
[-4.77189, 10.1468, 51.5903]
[-3.87065, 9.76522, 52.8834]
[-4.95201, 9.50176, 51.3138]
[-5.51987, 5.31298, 48.2046]
[-5.6122, 1.51238, 44.1845]
[-4.68984, 5.60515, 49.5803]
[-5.32483, 12.7341, 52.3939]
[20.8734, -4.96195, 69.624]
[-8.42222, 6.19036, 42.4825]
[-5.27094, 5.26969, 48.5444]
[-6.20589, 6.18759, 47.6091]
[22.0623, -5.38786, 70.0514]
[-6.28124, 11.358, 50.7588]
[-2.91281, -1.29205, 47.1134]
[-6.3198, 6.14435, 47.3619]
[11.9941, 17.1786, 65.4926]
[-4.52109, 13.4905, 53.5558]
[-5.46605, 13.3295, 52.4065]
[22.5181, -8.38318, 69.6448]
[-4.49937, 15.3538, 54.2932]
[-5.76885, 4.16818, 46.6814]
[-7.98626, 6.33141, 43.901]
[-8.0823, 5.89735, 42.8226]
[21.7933, -1.45929, 69.8425]
[-8.12944, 12.612, 48.4541]
[-5.55858, 1.86328, 44.7669]
[-5.53062, 7.83541, 49.5032]
[-6.48535, 6.76005, 47.5911]
[16.0655, -2.05095, 66.5773]
[-5.3353, 11.461, 51.9003]
[22.8801, -2.55328, 69.2712]
[17.5557, 14.5717, 68.2361]
[-4.83504, 10.2445, 51.8705]
[-6.0976, 9.14962, 49.7072]
[-8.30308, 11.2746, 47.2827]
[-3.24949, -0.729597, 46.9981]
[-4.92384, 10.6193, 51.9467]
[-5.5082, 4.1066, 47.1564]
[12.4391, 15.5844, 65.4041]
[-5.15051, 5.60729, 48.9915]
[11.7389, 15.7948, 65.4151]
[25.314, 15.9344, 69.6272]
[15.9583, 13.7844, 67.4152]
[-1.45759, -10.7902, 30.4901]
[-6.31727, 9.18875, 49.3881]
[24.8397, 14.4067, 69.6789]
[-6.28022, 3.86387, 45.084]
[-7.032, 6.32299, 46.2381]
[-5.31216, 5.0117, 48.2927]
[-6.99972, 5.15756, 45.2441]
[-5.33954, 6.24739, 49.079]
[-6.13217, 6.27902, 47.7107]
[-6.23824, 5.4115, 46.7468]
[-4.62852, 16.0981, 54.4079]
[-5.23954, 15.6847, 53.6683]
[-7.90066, 11.4607, 48.3379]
[-1.421, -10.736, 30.2935]
[-2.87902, -1.39796, 47.0037]
[23.3794, 0.717411, 70.4163]
[-5.11611, 9.31146, 51.1001]
[-6.33941, 6.18465, 47.3375]
[-3.9795, 11.4185, 53.2384]
[-7.52247, 7.12323, 45.8365]
[14.2758, 17.4305, 66.3704]
[-5.28016, -0.606688, 42.8402]
[-4.15139, -1.09196, 45.2029]
[-4.20911, -1.21131, 45.0788]
[-5.9998, 5.9272, 47.6716]
[-6.11024, 12.5791, 51.3336]
[-4.59073, 13.4637, 53.4911]
[-5.63496, 5.89343, 48.3279]
[-6.80505, 8.95632, 48.4917]
[-8.38873, 6.29935, 42.6099]
[-4.96481, -1.97743, 42.0616]
[0.207499, 4.74211, 54.8295]
[-6.50725, 8.90541, 48.7657]
[-5.57861, 1.62991, 44.6454]
[-4.37756, 6.62869, 50.4202]
[-4.09305, -1.04141, 45.4249]
[-5.81707, 6.68081, 48.5883]
[-4.54806, 3.60458, 47.935]
[17.5523, 14.5859, 68.2276]
[-10.3649, 18.995, 54.7582]
[-8.24289, 10.5498, 46.9265]
[16.2165, 2.35539, 66.9168]
[-5.21657, 4.15601, 47.7251]
[9.42798, -13.1401, 58.0967]
[-4.37862, -1.04133, 44.8695]
[-4.35807, -1.09735, 44.7071]
[-4.23936, -0.96077, 45.1282]
[-4.6972, 14.9768, 53.8201]
[-5.30484, 15.5025, 53.4316]
[-3.92714, -0.970215, 45.549]
[-9.05662, 12.9571, 46.6932]
[-5.49654, 13.2613, 52.3026]
[-3.34559, -1.0421, 46.5776]
[-5.10604, 12.1999, 52.387]
[-7.61766, 10.0727, 47.6517]
[-6.05459, 12.5266, 51.3202]
[-1.633, -10.5112, 30.6356]
[21.1882, -5.62063, 69.9907]
[21.4175, -1.31489, 69.9834]
[23.3412, 0.605995, 70.5025]
[16.5264, 22.4337, 67.406]
[-5.36125, 6.32205, 49.0826]
[-1.47539, -10.7325, 30.4544]
[-3.01078, -9.3502, 30.2515]
[-4.46005, 10.2498, 52.2871]
[-6.30742, 6.20706, 47.404]
[-7.52092, 7.15625, 45.8067]
[-5.64597, 5.89983, 48.2823]
[-4.53834, 8.42179, 51.3706]
[-3.75192, -1.68107, 45.3326]
[-4.63304, 5.6471, 49.8474]
[-4.00256, -3.50457, 42.686]
[-5.01454, -1.95249, 42.1184]
[15.3942, -1.27079, 66.5704]
[21.1167, -4.66802, 69.424]
[-6.99916, 9.04304, 48.0422]
[-10.863, 20.402, 54.2486]
[-3.94059, -1.34804, 45.3694]
[-4.33698, 9.55981, 52.1082]
[-5.21303, 15.485, 53.7656]
[-5.57718, 15.4863, 53.1914]
[-5.90218, 6.10277, 47.997]
[-4.26825, -0.972338, 45.155]
[-5.44963, 13.2477, 52.4053]
[-3.91665, -1.03191, 45.4645]
[17.6643, -4.43021, 67.8098]
[-9.08525, 7.08223, 42.031]
[-7.33274, 5.17047, 44.4758]
[-6.54721, 6.27071, 47.1469]
[-6.05641, 8.26644, 49.1668]
[-4.52278, 13.1729, 53.4778]
[-4.00982, 11.4946, 53.3019]
[-5.84028, 6.55469, 48.4694]
[-5.65773, 5.92671, 48.3142]
[-6.2103, 6.3036, 47.6219]
[-5.44148, 6.35929, 48.9673]
[-4.39025, 4.61923, 49.3655]
[-7.46426, 6.22372, 45.2566]
[-5.11757, 12.1711, 52.3716]
[0.0112467, 4.76285, 54.8421]
[-5.39746, 1.52543, 44.5413]
[-6.0727, 12.5866, 51.3154]
[17.743, -4.276, 67.6322]
[-10.0707, 18.0623, 48.4043]
[-5.78064, 6.57439, 48.4033]
[-5.70436, 5.87745, 48.3147]
[-3.53064, -0.775992, 46.4843]
[-4.8103, -0.877528, 43.869]
[-7.86436, 6.42514, 44.0296]
[-3.15427, -1.30601, 46.7596]
[-4.85639, 10.2281, 51.8463]
[-3.95681, -1.3949, 45.4592]
[-4.33463, -1.34181, 44.4311]
[-3.964, 8.90291, 52.0904]
[-6.09321, 8.05806, 49.2403]
[-7.38718, 8.22222, 46.8286]
[-4.70201, 12.5407, 53.0518]
[-8.28157, 11.2593, 47.4111]
[20.8708, -8.36346, 69.1507]
[-3.66358, -1.81941, 45.6428]
[-5.40899, 11.4399, 51.7722]
[-5.42796, 6.26429, 48.8688]
[-7.28248, 7.54537, 46.1719]
[-8.72836, 6.81037, 42.5481]
[-6.21546, 6.23258, 47.7113]
[-6.12653, 6.88255, 47.9429]
[-8.29064, 9.94554, 46.5252]
[18.7301, -5.90021, 68.4394]
[-6.01604, 7.48093, 48.6547]
[-4.20765, -2.29986, 43.6331]
[-5.63975, 1.64376, 44.4262]
[-5.49644, 4.87291, 47.9513]
[-7.38728, 5.144, 44.4798]
[-8.33971, 9.97332, 46.67]
[-4.92259, 10.2261, 51.7799]
[-4.83868, 5.25442, 49.1663]
[-5.92364, 5.97571, 47.8863]
[-5.65199, 5.77716, 48.3514]
[-6.13242, 8.16827, 49.008]
[-6.3342, 6.87534, 47.9463]
[-4.87198, 4.67839, 48.6359]
[-3.62371, -1.97545, 45.1174]
[21.0877, -5.99118, 69.567]
[-6.81223, 7.07478, 47.1365]
[-4.22704, -2.35906, 43.5602]
[17.7583, -4.41862, 67.8989]
[-3.30909, -0.689425, 46.8907]
[-4.52434, 13.1819, 53.4316]
[-3.65715, -0.660446, 46.3338]
[-5.7752, 6.52891, 48.4723]
[-5.22001, 12.106, 52.3194]
[-5.47167, 6.1505, 48.8585]
[-6.89134, 6.17411, 45.731]
[15.2003, -1.02964, 66.5235]
[-3.77895, 9.75579, 53.0954]
[18.2665, -5.1368, 68.1207]
[-5.63299, 1.58077, 44.2722]
[-4.97679, 9.45762, 51.3254]
[-8.04612, 6.49915, 44.0927]
[-5.18795, -0.799545, 43.0698]
[-3.137, 17.0105, 56.5071]
[-2.9206, -1.67286, 46.6783]
[-3.59194, -2.06152, 45.2644]
[-4.45044, 9.98225, 52.0717]
[20.9655, -5.89844, 69.603]
[-5.15527, 10.2478, 51.7072]
[19.0133, -5.9671, 68.5868]
[-6.97796, 5.88471, 45.6556]
[-5.32483, 12.7341, 52.3939]
[-5.77309, 6.61762, 48.5966]
[-3.76324, 9.80567, 53.0221]
[-5.05887, 4.88666, 48.4652]
[-5.97748, 7.36907, 48.6555]
[20.8734, -4.96195, 69.624]
[-4.03113, 8.83979, 51.8663]
[-3.89485, -3.45891, 42.8543]
[-3.23639, -3.67592, 43.9427]
[-4.86497, -2.04408, 42.0998]
[-4.83844, -0.556931, 43.7485]
[17.4823, -2.70115, 67.443]
[-3.00321, -1.57496, 46.6341]
[-4.34392, -1.27361, 44.3293]
[-5.21318, -0.735502, 42.8376]
[-5.51987, 5.31298, 48.2046]
[-2.71631, -2.43261, 46.2869]
[-3.87065, 9.76522, 52.8834]
[-5.51584, 7.59827, 51.7588]
[15.4705, 13.7849, 66.9644]
[-4.68984, 5.60515, 49.5803]
[-5.09709, 0.86115, 44.2335]
