[-5.89821, -18.3247, 51.0651]
[-13.113, 3.85138, 75.6569]
[-49.161, -34.0164, 133.396]
[-6.21077, -18.0354, 51.728]
[29.8404, -3.31036, 94.1958]
[-17.0731, 22.0485, 85.4497]
[-16.8018, -1.83254, 75.4936]
[8.71724, 16.2621, 96.0186]
[-12.0346, 9.43545, 79.1042]
[-15.0279, -8.16644, 68.3921]
[10.3363, 14.4154, 95.8934]
[29.444, -8.27812, 90.8296]
[-9.53695, 9.38599, 80.3506]
[-24.6048, 10.0619, 100.199]
[-11.7373, 1.60527, 75.0513]
[8.747, 14.1714, 95.417]
[-15.5158, 23.2478, 84.8305]
[-11.6343, 1.90009, 75.2269]
[-10.3641, 2.09636, 76.006]
[-9.25393, 9.28713, 80.4223]
[7.63269, 14.1332, 95.1243]
[-31.6189, -0.443535, 110.882]
[20.5179, -9.691, 86.3166]
[-25.9688, 18.4029, 83.3662]
[32.1203, -9.4523, 91.0849]
[-9.29543, 2.91559, 76.992]
[-21.7502, 18.1362, 88.8597]
[-14.7538, -2.98635, 75.282]
[-23.9342, 9.35658, 101.592]
[-15.318, -3.04129, 75.0372]
[-24.0189, 13.9685, 94.1913]
[-11.7589, 3.2588, 76.1211]
[-13.3173, -4.9331, 68.9138]
[-12.0654, 7.39568, 78.2873]
[-17.6238, 22.1113, 84.8795]
[30.1806, -8.49025, 90.9855]
[-23.655, 10.0393, 101.264]
[-27.6138, 9.84362, 99.1712]
[29.5993, -8.29502, 90.8207]
[-10.6351, 10.5089, 80.2782]
[9.63806, 15.4767, 96.0016]
[-11.1171, 3.94039, 76.8008]
[-8.28866, 4.29659, 78.3292]
[-16.0097, 22.3374, 86.2276]
[-10.7493, 4.05818, 77.089]
[19.6232, -6.31711, 88.6724]
[40.3675, 13.8556, 101.429]
[-26.4815, 10.457, 98.7316]
[-17.1762, 22.169, 85.0784]
[7.39473, 15.2599, 95.3033]
[8.72436, 15.6013, 95.8382]
[9.63288, 15.8083, 96.0927]
[-16.3604, 22.4237, 85.7308]
[-11.5375, 4.39024, 76.8853]
[9.95516, 16.006, 96.2917]
[7.34883, 15.6996, 95.5196]
[27.7606, -7.60101, 90.699]
[-17.5227, 3.2731, 79.8187]
[8.94326, 16.0957, 96.0264]
[-15.6158, 22.7573, 85.309]
[28.7478, -6.44799, 91.8335]
[12.9011, 12.374, 95.9607]
[-20.1305, 19.1436, 89.0078]
[-16.6442, 22.9588, 84.0821]
[7.36106, 15.9299, 95.5836]
[-17.2875, 22.6541, 83.6555]
[9.87412, 16.6426, 96.383]
[-16.0432, 22.8447, 84.8356]
[32.3441, -9.90097, 90.7824]
[-36.4736, -1.22212, 108.831]
[-22.8339, 4.74864, 107.266]
[-14.936, -1.97666, 76.3531]
[-28.9382, 10.5687, 97.5459]
[-8.52109, 2.06107, 76.9103]
[-26.8926, 10.5288, 98.4115]
[-15.3071, 23.5189, 84.2347]
[-10.0316, 1.78846, 75.8943]
[7.38448, 13.7432, 94.9212]
[-32.1481, -6.23814, 115.156]
[-17.3675, 21.7626, 86.0602]
[-16.2187, 22.0471, 86.8279]
[-25.0072, 1.30176, 109.96]
[-12.4672, 7.33042, 78.0634]
[-15.9305, 0.296636, 77.9504]
[8.73532, 14.831, 95.6166]
[-5.93783, -4.74965, 72.9144]
[-11.3822, 7.65065, 78.7019]
[7.38681, 14.4997, 95.1097]
[8.96713, 14.4432, 95.5545]
[-21.9035, 12.6484, 98.2035]
[-25.1239, 14.1483, 93.2696]
[-31.8077, 16.168, 82.293]
[-49.3596, -35.1159, 133.638]
[29.2961, -7.84896, 91.0368]
[8.48978, 14.3306, 95.3899]
[-23.8797, 14.4906, 93.9564]
[-11.2637, 8.20985, 79.0098]
[-28.9819, 3.23755, 107.397]
[-17.0354, 0.830636, 77.9116]
[-7.5065, -0.188617, 81.7221]
[-21.2607, 12.8829, 98.0468]
[29.8942, -8.55613, 90.8051]
[30.188, -8.44941, 90.9832]
[-16.2855, 22.4524, 85.7827]
[-21.8586, 18.1127, 89.1493]
[-10.5102, 4.21559, 77.3893]
[-20.572, 15.4867, 94.9599]
[-9.52879, 9.34663, 80.3578]
[-25.9575, 10.7618, 98.1579]
[8.70674, 16.2638, 96.0348]
[-19.9871, 19.1203, 88.8236]
[-15.84, 2.97291, 80.3321]
[-28.5722, 7.65547, 102.144]
[8.77627, 16.0108, 95.9256]
[9.82827, 16.524, 96.3603]
[-16.0656, 22.8801, 84.9119]
[-17.0416, 22.839, 84.3183]
[-10.8228, 4.08185, 77.0485]
[7.39672, 15.9319, 95.5598]
[9.62137, 17.0066, 96.4246]
[-24.4203, 10.1276, 99.9015]
[32.4069, -10.5734, 90.3354]
[-10.1039, -4.56533, 70.8256]
[-25.4936, 20.8487, 78.0269]
[19.728, -5.75422, 89.0357]
[-15.7099, 22.7424, 85.3677]
[-13.1032, -4.10005, 69.8905]
[20.435, -9.62591, 86.2283]
[-17.6448, 22.1091, 84.8721]
[-16.1601, 22.5303, 86.7394]
[-17.2007, 22.2328, 84.8257]
[-9.3083, 2.91697, 76.9551]
[-24.7555, 9.0799, 101.46]
[-8.43668, -7.85606, 68.0788]
[-49.3153, -35.0535, 133.683]
[-48.3846, -35.045, 133.915]
[-49.0054, -33.9268, 132.885]
[-6.24259, -18.0581, 51.6826]
[-17.4407, 0.511774, 77.5636]
[-25.6441, 13.6017, 93.9067]
[-23.5862, 13.5047, 95.9849]
[30.6892, -8.34573, 91.233]
[7.41697, 15.2653, 95.3068]
[-11.9978, 9.44934, 79.1387]
[19.6435, -6.33779, 88.674]
[-13.382, -4.97401, 68.9168]
[-28.06, 8.08491, 101.675]
[9.60243, 15.8026, 96.0879]
[-10.3843, 2.07843, 76.0057]
[8.72869, 15.5933, 95.7914]
[-20.9672, 17.4356, 91.1238]
[-27.7465, 9.63957, 99.2077]
[-14.4594, -0.198349, 78.3057]
[32.2945, -10.0395, 90.793]
[-12.3708, 10.8461, 79.5575]
[9.59392, 15.414, 96.0415]
[8.4406, 15.9341, 95.8825]
[-29.4944, 6.75183, 101.519]
[-25.4317, 13.9109, 94.2912]
[7.60007, 15.7208, 95.5602]
[-8.3492, -5.34377, 70.8861]
[-22.8486, 10.2464, 101.075]
[-14.8164, -1.63236, 76.6001]
[-15.2306, 23.4172, 84.0281]
[-15.1077, 2.47546, 80.2238]
[31.1729, -8.58495, 91.3611]
[-17.6499, 0.807256, 77.7134]
[10.3403, 14.3731, 95.8874]
[-14.0068, -0.0269985, 78.6704]
[-11.988, 4.10319, 76.4936]
[-28.8636, 10.541, 97.4634]
[-24.2893, 11.0821, 99.9727]
[-13.9485, -2.60357, 76.13]
[-23.3042, 13.9723, 95.2346]
[8.52528, 14.3585, 95.3904]
[-16.1424, 21.8504, 86.356]
[28.7582, -6.44896, 91.8328]
[29.9446, -8.62041, 90.7346]
[29.5123, -8.23426, 90.9332]
[21.6986, -5.08477, 90.3098]
[-24.5184, 8.81098, 101.985]
[34.9292, 30.7381, 100.383]
[20.3982, -9.74446, 86.1766]
[-14.6869, 2.06694, 80.0486]
[-9.97786, 3.93824, 77.3533]
[-9.17503, 3.10264, 77.2532]
[-16.157, 22.9548, 85.0593]
[-10.1177, -4.55113, 70.8167]
[-49.0562, -34.9975, 133.194]
[-48.7847, -33.9646, 132.753]
[-21.8774, 10.3402, 100.406]
[-14.0123, -2.21146, 76.5013]
[-23.8435, 9.93734, 100.425]
[-27.6173, 9.66944, 99.1963]
[-16.845, -2.68582, 74.6612]
[-21.0452, 15.8973, 93.9103]
[29.7727, -3.25033, 94.214]
[-10.6313, 10.4713, 80.2214]
[-23.1084, 9.50931, 101.356]
[-34.3911, 4.67273, 102.574]
[-19.2485, -5.36668, 70.0298]
[-17.2946, -4.42614, 72.3488]
[-25.2584, 8.91983, 101.523]
[-28.2418, 7.5969, 101.405]
[-23.6082, 13.5043, 95.9752]
[24.5454, -5.36177, 91.2049]
[-17.7517, 22.0587, 85.1166]
[-26.1225, 18.4089, 83.5828]
[-12.8871, 7.22924, 77.8063]
[-25.8047, 13.8544, 94.4204]
[30.874, -9.81185, 90.2787]
[-37.0628, -1.3316, 109.163]
[-27.3572, -0.930978, 110.81]
[-15.3831, 23.0056, 84.5252]
[-17.3305, 22.212, 85.0813]
[27.8367, -7.6041, 90.7125]
[9.808, 16.394, 96.3618]
[-13.5812, -9.24701, 67.6736]
[-27.9853, 8.11148, 101.641]
[8.71909, 16.2882, 96.0224]
[-18.0678, -2.34622, 74.5074]
[-16.1195, -2.17039, 75.4526]
[-14.8989, -1.81548, 76.5862]
[-26.0667, 10.6893, 98.2665]
[-16.2576, 0.137304, 77.733]
[-21.9818, 18.1768, 89.6178]
[-20.1038, 18.2357, 90.5337]
[-9.27505, 6.46161, 79.1043]
[-9.52148, 6.37464, 78.9796]
[-14.8464, -8.13817, 68.4744]
[10.2904, 16.0267, 96.3977]
[-11.9641, 9.48242, 79.1392]
[-26.8709, 12.7858, 95.1518]
[-17.478, 3.24342, 79.8904]
[-28.7332, 10.455, 97.2007]
[-12.9173, -9.3274, 67.9505]
[-17.9123, -7.8961, 66.9103]
[-11.9054, -16.8324, 46.3877]
[-12.9886, -9.15842, 68.2402]
[-29.1063, -1.54064, 110.813]
[34.9733, 30.8104, 100.331]
[-10.1466, -4.54304, 70.8352]
[19.8189, -5.75881, 89.0544]
[-13.4231, -8.83088, 68.3144]
[19.7139, -6.09073, 88.7911]
[-13.1064, -8.82966, 68.7071]
[20.1819, -10.2245, 85.5797]
[20.3686, -9.62932, 86.1773]
[-9.13885, 3.08626, 77.1489]
[31.7272, -9.31622, 91.0168]
[-24.6199, 8.93702, 102.117]
[-28.335, 7.73528, 101.401]
[31.6772, -8.34846, 91.4695]
[-9.60927, 3.72618, 77.4902]
[-8.93104, 4.01322, 77.8141]
[-10.0476, 3.98428, 77.315]
[-15.9521, -2.14367, 75.6089]
[20.4393, 13.8277, 98.0576]
[-26.3004, 18.5218, 84.0141]
[-14.7379, 2.04502, 80.0223]
[-25.8605, 18.7054, 83.9389]
[-37.1305, -1.40718, 109.275]
[-6.8573, -4.03497, 72.9002]
[-6.03807, -18.2314, 50.9626]
[-15.419, -3.14664, 74.7302]
[-8.66917, 3.49436, 77.6357]
[-11.1973, 6.83339, 78.3913]
[-7.54474, -4.56896, 71.9389]
[-22.3888, 12.7216, 97.8182]
[-28.0329, -0.69167, 112.053]
[-7.86995, 9.74772, 81.205]
[-19.9172, 18.9919, 88.9866]
[-7.72608, -0.299659, 81.5318]
[26.5183, -5.31523, 91.8301]
[-23.733, 10.8307, 99.3823]
[-13.6229, -2.01061, 76.8839]
[-10.7243, 10.3954, 80.2368]
[-18.0226, -0.268763, 76.365]
[-15.5095, 4.02131, 81.1727]
[-30.2713, 0.162838, 109.278]
[-49.2411, -35.0455, 133.578]
[-12.679, 2.66615, 75.317]
[-27.2729, 9.64462, 98.6939]
[9.83275, 16.6696, 96.3529]
[-16.6402, -1.91515, 75.6564]
[10.3863, 17.2045, 96.73]
[-14.5584, -0.512239, 72.2928]
[-31.792, -2.91033, 112.696]
[-21.3145, 12.9809, 98.1933]
[-12.0026, -16.8396, 46.2418]
[-15.4773, 3.94292, 81.2179]
[-10.4219, 9.82477, 80.067]
[-7.90062, 9.66176, 81.1886]
[-8.92865, 9.36789, 80.6704]
[-9.12776, 9.05923, 80.5962]
[-26.858, 12.6059, 95.175]
[-9.0127, -5.94584, 69.8385]
[27.1912, -7.44232, 90.162]
[-8.76321, -8.47689, 67.2549]
[27.313, -8.17986, 90.3963]
[-26.1865, 8.60839, 101.594]
[-14.8706, -3.23568, 74.9872]
[32.3157, -10.7564, 90.3705]
[-12.4366, -11.6264, 64.2155]
[20.1485, -10.2908, 85.5739]
[-22.154, 12.5372, 97.2738]
[-31.7548, -0.962049, 110.432]
[-13.665, -11.0081, 64.3355]
[30.41, -8.62053, 90.9706]
[-25.8409, 18.6632, 84.0751]
[-10.0079, 3.86684, 77.296]
[-31.267, -0.749515, 110.25]
[-22.5988, 10.2049, 101.738]
[-19.6591, 18.6887, 88.5432]
[-8.08653, 9.64459, 81.0609]
[-29.8792, -1.72054, 111.989]
[19.7272, -6.25771, 88.7727]
[-36.7772, -1.53002, 108.618]
[-13.3803, -8.80548, 68.3026]
[-12.8474, -8.79945, 68.8726]
[-14.0326, -8.68662, 68.0996]
[-6.20703, -4.27319, 72.6891]
[-6.93537, -4.0314, 72.8688]
[-14.6497, -1.00897, 71.7017]
[-18.0031, -7.9407, 66.8995]
[-9.57368, 3.69014, 77.4158]
[20.2686, 13.8574, 98.06]
[20.4945, 13.6424, 98.094]
[-23.1147, 10.1448, 100.718]
[-16.1003, 22.2048, 85.3769]
[-9.84235, 4.5666, 77.7508]
[-26.9478, 16.8893, 86.0989]
[-21.1817, 13.0306, 97.2676]
[-21.6272, 15.7171, 95.9292]
[20.3983, -5.59361, 89.539]
[-11.2755, 6.73125, 78.1995]
[-14.1551, 2.18939, 80.2314]
[20.1381, -10.5301, 85.4719]
[-15.0409, -1.83863, 76.4654]
[-12.7499, -4.84903, 69.1182]
[-13.1609, -3.87142, 69.974]
[20.2223, -9.67212, 86.2245]
[-13.6412, -11.0434, 64.3977]
[32.0858, -8.58255, 91.4392]
[29.7923, -8.3214, 90.9803]
[20.1768, 13.8081, 98.0748]
[-9.07501, -5.94335, 69.8032]
[-14.9711, -2.85029, 75.4463]
[-8.0134, -7.99794, 68.216]
[-14.1131, -8.86524, 68.1063]
[-12.7497, -8.79194, 68.4392]
[-12.5681, 2.39192, 74.9129]
[-14.8321, -1.75487, 76.5792]
[-16.2183, 2.76175, 79.9639]
[-28.1054, -3.17208, 113.136]
[-30.6746, -4.12685, 112.384]
[30.7176, -10.1436, 90.0968]
[-13.1117, 6.0889, 77.0335]
[-8.39342, 4.06267, 78.0924]
[-27.3018, 7.86739, 97.0628]
[-13.5092, 2.15205, 80.6485]
[17.8911, 17.0137, 77.1269]
[28.0368, -7.40902, 90.8935]
[-27.1948, 17.0458, 86.5387]
[-20.2176, 18.9453, 89.8239]
[-25.2475, -1.67988, 112.257]
[-13.8331, -10.9398, 64.4928]
[-26.3913, -0.244335, 111.577]
[-9.5626, -4.06224, 71.4246]
[-24.8225, 9.60105, 102.243]
[-15.1325, -2.23746, 75.7311]
[-25.1145, 8.90363, 102.262]
[29.496, 26.8949, 85.361]
[-7.93255, -8.0108, 68.2533]
[32.08, 30.7686, 99.3662]
[20.138, -9.52691, 86.1904]
[32.0561, -8.83881, 91.4568]
[27.367, -8.3002, 90.1796]
[29.9237, -8.21254, 90.8801]
[-16.6413, -0.181393, 77.4472]
[-14.8924, 1.32083, 79.5153]
[-13.8911, -8.99015, 67.6602]
[19.8306, -6.33691, 88.6136]
[-15.061, -8.79019, 67.094]
[-15.1682, 2.02721, 79.9034]
[26.4635, -5.81931, 91.7753]
[27.5361, -5.77686, 92.0009]
[-37.2934, -1.94862, 109.639]
[-13.7821, -2.29587, 76.6011]
[31.3911, -4.79718, 93.6704]
[-15.655, 4.54553, 81.517]
[-22.3297, 16.0931, 91.4951]
[-27.9337, 7.71516, 102.008]
[-35.1703, -1.32852, 107.93]
[-16.6201, 3.61828, 80.6409]
[-13.1643, 5.92671, 77.1016]
[27.5947, -5.71812, 91.9932]
[-7.23492, -3.97612, 72.7731]
[-24.6164, 20.3621, 76.9273]
[20.2505, 13.483, 97.9853]
[27.6372, -11.5436, 87.7639]
[-35.2163, 0.495293, 107.262]
[-9.01747, 9.3935, 80.7177]
[-13.2992, -11.1139, 64.7763]
[20.0264, -9.53441, 86.2744]
[-10.2438, 9.06861, 80.0957]
[29.8293, -8.34012, 90.9431]
[-15.0828, -8.97911, 67.0947]
[-12.4454, -10.0994, 66.8869]
[-14.6595, -2.5775, 75.6121]
[-6.22446, -4.92146, 72.4289]
[-14.0395, -8.99801, 67.3685]
[-27.8419, -1.5223, 112.659]
[-13.4727, -8.7757, 68.501]
[28.0391, -12.3055, 87.7512]
[30.739, -9.94886, 90.0599]
[-35.1247, -1.29187, 108.059]
[-14.0426, -11.0979, 63.8939]
[-5.56105, -6.31615, 71.4686]
[-9.74526, 3.0003, 76.995]
[30.2454, -5.93423, 93.0688]
[-8.56945, 0.112476, 81.4916]
[-11.964, 4.12409, 76.434]
[-13.1032, -4.10005, 69.8905]
[-1.40584, -1.67692, 73.4081]
[-18.5377, 21.1417, 83.6027]
[-49.3596, -35.1159, 133.638]
[-5.89821, -18.3247, 51.0651]
[-26.4815, 10.457, 98.7316]
[-49.161, -34.0164, 133.396]
[-6.21077, -18.0354, 51.728]
[-1.77805, 7.89786, 79.1584]
[-10.7493, 4.05818, 77.089]
[-11.1171, 3.94039, 76.8008]
[-8.28866, 4.29659, 78.3292]
[-1.91458, 7.48251, 78.8813]
[-1.57863, 12.1209, 80.9258]
[2.02247, -0.3318, 75.8011]
[-24.6048, 10.0619, 100.199]
[-2.92754, 7.0895, 78.3137]
[-27.6138, 9.84362, 99.1712]
[-11.711, 7.64998, 78.5715]
[-23.554, 13.2419, 94.2268]
[-23.655, 10.0393, 101.264]
[-3.09125, 6.81077, 78.265]
[-11.7589, 3.2588, 76.1211]
[-23.9342, 9.35658, 101.592]
[-0.990957, 6.65364, 78.8218]
[-0.57148, 6.6859, 79.0041]
[-9.29543, 2.91559, 76.992]
[24.2052, 31.0188, 93.5472]
[-32.1481, -6.23814, 115.156]
[44.3612, -2.63302, 87.9879]
[24.4631, 31.3763, 93.6096]
[-21.4257, 16.642, 92.2719]
[-12.0346, 9.43545, 79.1042]
[-10.3641, 2.09636, 76.006]
[-11.6343, 1.90009, 75.2269]
[-0.289412, 17.4295, 83.1241]
[-9.53695, 9.38599, 80.3506]
[-8.52109, 2.06107, 76.9103]
[-31.8077, 16.168, 82.293]
[42.5799, -1.39708, 88.2888]
[-23.8797, 14.4906, 93.9564]
[-10.0316, 1.78846, 75.8943]
[-11.6404, 1.57213, 75.0126]
[-25.1239, 14.1483, 93.2696]
[-3.16854, 11.9177, 80.377]
[-21.7502, 18.1362, 88.8597]
[-0.265828, 12.5126, 81.5951]
[-11.3822, 7.65065, 78.7019]
[-17.3675, 21.7626, 86.0602]
[-1.41755, 11.9624, 80.9893]
[-19.3858, 19.6345, 86.0239]
[-12.0654, 7.39568, 78.2873]
[-12.4672, 7.33042, 78.0634]
[-20.1305, 19.1436, 89.0078]
[-3.45293, 3.87137, 76.4151]
[25.3198, 28.5799, 93.6235]
[-21.2607, 12.8829, 98.0468]
[25.8598, 28.6434, 93.7271]
[23.0916, 28.5194, 93.1501]
[34.5806, 0.948293, 87.6581]
[-25.9688, 18.4029, 83.3662]
[-11.2637, 8.20985, 79.0098]
[-11.5375, 4.39024, 76.8853]
[-16.0432, 22.8447, 84.8356]
[-5.93783, -4.74965, 72.9144]
[-17.2875, 22.6541, 83.6555]
[-25.0072, 1.30176, 109.96]
[-22.8339, 4.74864, 107.266]
[-17.0731, 22.0485, 85.4497]
[39.0859, 1.69184, 89.1923]
[2.7818, -1.77251, 75.2831]
[-13.3173, -4.9331, 68.9138]
[-36.4736, -1.22212, 108.831]
[-15.6158, 22.7573, 85.309]
[-16.6442, 22.9588, 84.0821]
[-17.6238, 22.1113, 84.8795]
[-31.6189, -0.443535, 110.882]
[-16.3604, 22.4237, 85.7308]
[-28.9819, 3.23755, 107.397]
[-21.9035, 12.6484, 98.2035]
[-4.90175, -1.94177, 72.0594]
[-20.9069, 15.5982, 94.9059]
[-49.3153, -35.0535, 133.683]
[-48.3846, -35.045, 133.915]
[-48.083, -33.9188, 133.125]
[-25.309, 10.6351, 100.274]
[44.229, 3.4954, 90.97]
[45.5856, -4.42569, 87.3219]
[-23.3066, 15.6715, 91.8629]
[-0.954215, 15.2421, 82.1915]
[-12.3708, 10.8461, 79.5575]
[28.2106, 25.5558, 93.8797]
[-21.8586, 18.1127, 89.1493]
[-19.9871, 19.1203, 88.8236]
[39.4134, 1.40811, 89.1107]
[-25.9575, 10.7618, 98.1579]
[-12.3395, 0.896159, 74.2498]
[35.518, -3.46014, 85.2824]
[-28.5722, 7.65547, 102.144]
[46.5796, -3.41124, 88.3545]
[-11.5738, 1.95453, 75.3616]
[44.3522, -2.59782, 88.056]
[-16.1601, 22.5303, 86.7394]
[-17.6448, 22.1091, 84.8721]
[-17.2007, 22.2328, 84.8257]
[-9.3083, 2.91697, 76.9551]
[0.756793, 24.6412, 84.8952]
[-15.7099, 22.7424, 85.3677]
[-10.8228, 4.08185, 77.0485]
[-15.3831, 23.0056, 84.5252]
[-1.89735, 7.80103, 79.0262]
[-17.0416, 22.839, 84.3183]
[-2.94392, 7.0616, 78.3088]
[-1.90069, 7.40012, 78.9169]
[-10.0011, 3.93582, 77.3142]
[-22.8486, 10.2464, 101.075]
[-24.7555, 9.0799, 101.46]
[42.6685, -1.46079, 88.2394]
[-11.988, 4.10319, 76.4936]
[-23.3042, 13.9723, 95.2346]
[-10.3843, 2.07843, 76.0057]
[-1.60892, 12.0107, 80.9631]
[-1.1271, -1.40222, 73.6699]
[16.6299, -15.1456, 67.5878]
[1.15132, -2.807, 73.3033]
[-49.0054, -33.9268, 132.885]
[63.4332, -6.5436, 91.4788]
[0.713375, -2.46017, 73.4481]
[-25.6441, 13.6017, 93.9067]
[39.0674, 1.58312, 89.1133]
[-20.1392, 18.1787, 90.8409]
[-36.8584, -1.29058, 108.787]
[-1.42732, 12.2374, 81.0265]
[-13.1387, 3.85811, 75.8426]
[-20.9672, 17.4356, 91.1238]
[-9.98578, 4.6861, 77.8072]
[2.08904, -1.1999, 75.0396]
[2.55937, -1.27141, 75.247]
[-12.5341, 7.38927, 78.0052]
[7.63172, 11.2762, 84.267]
[23.5422, -15.1078, 70.7055]
[-8.3492, -5.34377, 70.8861]
[0.216099, 5.68344, 78.8781]
[-26.3941, 11.3079, 95.1864]
[0.156497, 7.7879, 79.7652]
[-27.7465, 9.63957, 99.2077]
[-2.70558, 6.84849, 78.2922]
[-49.0562, -34.9975, 133.194]
[-6.57168, -18.0275, 51.4643]
[-24.6585, 10.2326, 100.611]
[-30.3382, -2.90725, 110.406]
[-13.9638, -4.86645, 70.0262]
[-11.5259, 4.34863, 76.8026]
[34.3511, -4.21995, 84.5702]
[-26.1225, 18.4089, 83.5828]
[0.233846, 14.0318, 82.292]
[-21.8774, 10.3402, 100.406]
[35.511, -3.49, 85.2391]
[-4.91884, -1.83853, 72.1054]
[-32.2969, -6.20544, 115.013]
[-23.1084, 9.50931, 101.356]
[44.693, -2.97243, 87.936]
[-13.2676, 2.30357, 76.4609]
[-9.40329, 2.76054, 76.9326]
[-0.559092, 6.31769, 78.8433]
[-28.2418, 7.5969, 101.405]
[-20.1038, 18.2357, 90.5337]
[-16.157, 22.9548, 85.0593]
[-10.6313, 10.4713, 80.2214]
[-1.46183, -4.11797, 71.4249]
[-1.44351, 0.904473, 75.5317]
[-27.9853, 8.11148, 101.641]
[-17.3305, 22.212, 85.0813]
[0.201488, -2.18431, 73.5671]
[-17.7517, 22.0587, 85.1166]
[0.38557, -2.81058, 73.0608]
[-37.0628, -1.3316, 109.163]
[45.4082, -2.64949, 88.2906]
[-25.2584, 8.91983, 101.523]
[-32.432, 7.39848, 96.182]
[-9.27505, 6.46161, 79.1043]
[-2.74728, 15.4219, 81.5547]
[-28.332, 11.6128, 93.3859]
[-0.736251, 6.2042, 78.7465]
[45.451, -4.09532, 87.3422]
[-11.9641, 9.48242, 79.1392]
[-9.87386, 9.7001, 80.3133]
[-1.30667, 5.66589, 78.1784]
[-23.8435, 9.93734, 100.425]
[-21.3145, 12.9809, 98.1933]
[-25.8743, -0.137418, 111.256]
[39.5208, 1.40731, 89.1811]
[-22.6213, 12.7598, 98.0823]
[-12.1939, 3.36563, 75.9251]
[43.9605, -1.87291, 88.2634]
[-49.2411, -35.0455, 133.578]
[-6.03807, -18.2314, 50.9626]
[1.11307, -18.7331, 52.891]
[1.47482, -18.7438, 53.0292]
[-6.18695, 2.11281, 74.4601]
[-25.8605, 18.7054, 83.9389]
[-34.3911, 4.67273, 102.574]
[-26.3004, 18.5218, 84.0141]
[-13.085, 3.15369, 77.0006]
[35.3492, -3.46891, 85.3108]
[-28.335, 7.73528, 101.401]
[0.0828033, -6.0667, 70.263]
[-11.1973, 6.83339, 78.3913]
[44.2816, -2.59177, 88.0532]
[44.5922, -2.60626, 88.1236]
[-0.177118, 14.3834, 82.3089]
[-10.7243, 10.3954, 80.2368]
[-9.41904, 2.82844, 76.9004]
[-20.1233, 18.1699, 90.7021]
[-25.4936, 20.8487, 78.0269]
[-1.43046, -4.09934, 71.4436]
[-23.1146, 9.58643, 101.616]
[35.1528, 25.6283, 94.643]
[-26.8938, 7.69771, 99.8435]
[-10.0476, 3.98428, 77.315]
[34.7193, 1.09226, 87.7252]
[-16.1003, 22.2048, 85.3769]
[1.07229, -2.63199, 73.5477]
[-8.46433, -5.03191, 71.097]
[41.0663, 1.38606, 89.4016]
[-0.164948, -2.24488, 73.543]
[0.197949, -2.21157, 73.5666]
[-7.54474, -4.56896, 71.9389]
[-13.922, -4.85899, 70.0989]
[-25.3527, -0.470476, 112.01]
[45.1184, -2.86875, 88.0037]
[-20.2886, 15.1264, 94.9701]
[-6.93537, -4.0314, 72.8688]
[-30.2713, 0.162838, 109.278]
[-31.792, -2.91033, 112.696]
[-19.9172, 18.9919, 88.9866]
[-21.6789, 18.0256, 88.9131]
[-12.1178, 3.41498, 76.0535]
[-1.32071, 5.64162, 78.1988]
[-23.733, 10.8307, 99.3823]
[-37.1305, -1.40718, 109.275]
[1.00938, 8.21183, 80.3781]
[42.1629, -1.29297, 87.6981]
[-1.32939, 6.2185, 78.501]
[-25.1892, 10.4145, 96.731]
[-22.0438, 13.6339, 95.1115]
[-26.8709, 12.7858, 95.1518]
[-8.88784, 6.87005, 79.4666]
[1.37494, -18.7759, 52.979]
[-25.8409, 18.6632, 84.0751]
[34.63, 0.956054, 87.6694]
[-29.8792, -1.72054, 111.989]
[1.20197, -2.70031, 73.5183]
[-21.6272, 15.7171, 95.9292]
[35.2552, -4.48815, 84.6328]
[-10.0079, 3.86684, 77.296]
[35.2425, -3.43088, 85.2943]
[0.562472, -2.35248, 73.5647]
[0.0380503, -6.15464, 70.1424]
[44.6034, -2.61309, 88.0872]
[-1.25121, 8.13726, 79.439]
[-31.4773, -2.91831, 112.99]
[-36.7772, -1.53002, 108.618]
[-14.5584, -0.512239, 72.2928]
[-31.7548, -0.962049, 110.432]
[1.98837, -1.36102, 74.9625]
[-23.6883, 10.7408, 99.0826]
[-0.686374, 17.3825, 82.9164]
[-4.12457, 9.79466, 79.2202]
[-10.4219, 9.82477, 80.067]
[-0.289746, 6.3714, 78.9609]
[45.5158, -4.6858, 87.159]
[35.0156, 25.4999, 94.6939]
[-1.1467, 14.9637, 82.1594]
[-8.92865, 9.36789, 80.6704]
[0.579695, 7.3809, 79.7538]
[-34.3438, 4.4702, 102.431]
[-1.79406, 7.72311, 79.0581]
[-8.39426, 4.01645, 78.0718]
[-1.5671, -4.16547, 71.4734]
[-7.45388, 17.4594, 80.3747]
[-25.2475, -1.67988, 112.257]
[-19.6591, 18.6887, 88.5432]
[-0.789091, 6.18405, 78.7074]
[-29.082, 9.02103, 100.439]
[-21.8332, 13.3851, 94.4649]
[-26.9478, 16.8893, 86.0989]
[-10.4997, 2.49249, 76.2346]
[35.1784, -3.65624, 85.3845]
[34.6892, 0.895384, 87.5804]
[-35.3645, 0.402416, 107.567]
[-7.5353, 17.4591, 80.296]
[1.34281, -18.8932, 52.9303]
[-8.83579, -8.47355, 67.3803]
[-0.701534, 7.61968, 79.393]
[35.1534, -4.65241, 84.4746]
[-0.633535, 17.2354, 82.8915]
[-8.0134, -7.99794, 68.216]
[0.587817, 13.6472, 82.4912]
[0.0613386, -6.05681, 70.1887]
[44.6236, -2.67681, 88.0047]
[-6.35146, 1.30312, 73.9221]
[-9.64347, 2.73842, 76.7683]
[-11.2755, 6.73125, 78.1995]
[-1.36158, 14.8269, 81.9481]
[-9.07501, -5.94335, 69.8032]
[-13.1083, 6.0747, 77.0581]
[42.4649, -1.57545, 88.3982]
[0.0481488, -2.88519, 73.1034]
[35.3142, 1.61065, 88.3087]
[0.5058, -2.20279, 73.7625]
[-8.51941, -6.6482, 69.389]
[42.7057, -1.30702, 88.3783]
[-1.65327, 16.0041, 82.2875]
[-28.1054, -3.17208, 113.136]
[-5.21679, -3.29048, 70.8075]
[-30.2788, 6.05628, 97.0937]
[-1.61987, 7.64475, 79.0788]
[-8.39342, 4.06267, 78.0924]
[-0.607613, 17.3384, 82.8705]
[-1.3933, 16.7888, 82.4665]
[-0.961226, 16.5838, 82.8963]
[-22.3297, 16.0931, 91.4951]
[1.05295, 14.2527, 82.69]
[42.0908, -5.71278, 85.8509]
[45.6037, -4.78194, 87.111]
[34.2697, -4.2026, 84.6115]
[35.2286, -3.42722, 85.3837]
[-7.93255, -8.0108, 68.2533]
[-13.7213, 2.33771, 76.1778]
[42.1274, -2.76182, 87.6311]
[1.88993, -4.61178, 72.5917]
[2.24589, -4.14496, 72.7905]
[-0.0752314, -3.78437, 72.2272]
[42.0745, 0.710626, 89.3998]
[1.25843, -2.61486, 73.9045]
[34.9832, 1.32751, 87.9461]
[40.9953, 1.1559, 89.3543]
[-38.4399, -4.13297, 106.849]
[-7.10749, -4.12166, 72.8111]
[-9.5626, -4.06224, 71.4246]
[-5.00102, -1.49182, 72.4049]
[-0.725752, 7.61684, 79.365]
[-0.640996, 16.5454, 83.1574]
[-37.2934, -1.94862, 109.639]
[-0.645006, 18.1307, 83.1866]
[-13.1117, 6.0889, 77.0335]
[-11.3613, 1.66951, 75.2737]
[-27.1948, 17.0458, 86.5387]
[3.58987, 29.0683, 85.6181]
[-24.6164, 20.3621, 76.9273]
[-9.01747, 9.3935, 80.7177]
[0.155458, 13.3471, 82.0377]
[41.8742, -5.70134, 85.8196]
[0.532415, -6.10143, 70.5495]
[42.1283, -2.59087, 87.8339]
[44.6051, -2.3573, 88.0335]
[1.69498, -4.45058, 72.4321]
[42.9278, -1.30595, 88.4884]
[-5.56105, -6.31615, 71.4686]
[-0.82733, 7.67263, 79.4985]
[40.9268, 0.223835, 88.9088]
[41.9461, 0.656039, 89.4406]
[6.95526, 10.5453, 83.9042]
[48.9885, 3.82096, 92.158]
[-0.178386, -2.86867, 72.7984]
[-7.26396, -5.03484, 71.5093]
[-6.22446, -4.92146, 72.4289]
[34.7765, 1.22667, 87.486]
[45.9111, 0.848697, 90.3193]
[-0.866801, -1.75421, 73.6866]
[-7.23492, -3.97612, 72.7731]
[47.7144, 2.04523, 91.0752]
[-35.2163, 0.495293, 107.262]
[-0.658953, 6.77714, 79.1622]
[-0.409044, 8.40223, 80.1757]
[1.88478, -6.02084, 71.1686]
[-10.2438, 9.06861, 80.0957]
[-3.38218, 10.3778, 79.7]
[43.0708, -6.99198, 85.3784]
[-13.1643, 5.92671, 77.1016]
[-10.7493, 4.05818, 77.089]
[19.728, -5.75422, 89.0357]
[-2.85581, 7.78992, 78.6156]
[39.0859, 1.69184, 89.1923]
[-16.8018, -1.83254, 75.4936]
[-7.5065, -0.188617, 81.7221]
[-1.91458, 7.48251, 78.8813]
[-8.28866, 4.29659, 78.3292]
[-1.40584, -1.67692, 73.4081]
[-10.3641, 2.09636, 76.006]
[26.5065, -6.67131, 92.3458]
[-11.1171, 3.94039, 76.8008]
[-12.4672, 7.33042, 78.0634]
[-12.0654, 7.39568, 78.2873]
[-11.2637, 8.20985, 79.0098]
[-8.52109, 2.06107, 76.9103]
[-11.3822, 7.65065, 78.7019]
[-0.265828, 12.5126, 81.5951]
[7.38681, 14.4997, 95.1097]
[-16.7467, -3.95233, 73.1708]
[20.5179, -9.691, 86.3166]
[-12.0346, 9.43545, 79.1042]
[0.497648, 23.3718, 84.7007]
[27.7606, -7.60101, 90.699]
[-13.3173, -4.9331, 68.9138]
[-17.5227, 3.2731, 79.8187]
[7.36106, 15.9299, 95.5836]
[29.2961, -7.84896, 91.0368]
[40.3675, 13.8556, 101.429]
[9.87412, 16.6426, 96.383]
[8.71724, 16.2621, 96.0186]
[12.9011, 12.374, 95.9607]
[8.94326, 16.0957, 96.0264]
[7.34883, 15.6996, 95.5196]
[31.1729, -8.58495, 91.3611]
[27.8197, -8.76654, 91.5436]
[-17.0354, 0.830636, 77.9116]
[-3.45293, 3.87137, 76.4151]
[29.8942, -8.55613, 90.8051]
[29.8404, -3.31036, 94.1958]
[42.5799, -1.39708, 88.2888]
[-2.29342, 11.9377, 80.6507]
[32.1203, -9.4523, 91.0849]
[9.95516, 16.006, 96.2917]
[-2.71478, 4.8489, 77.2229]
[8.72436, 15.6013, 95.8382]
[-3.16854, 11.9177, 80.377]
[25.3198, 28.5799, 93.6235]
[30.0049, -10.3214, 91.3802]
[10.3363, 14.4154, 95.8934]
[9.63288, 15.8083, 96.0927]
[3.58987, 29.0683, 85.6181]
[8.747, 14.1714, 95.417]
[5.56202, 14.9691, 95.2733]
[8.96713, 14.4432, 95.5545]
[-15.9305, 0.296636, 77.9504]
[-11.6343, 1.90009, 75.2269]
[7.63269, 14.1332, 95.1243]
[9.63806, 15.4767, 96.0016]
[32.4069, -10.5734, 90.3354]
[8.73532, 14.831, 95.6166]
[-9.29543, 2.91559, 76.992]
[-10.1691, 2.9384, 76.6308]
[-10.0316, 1.78846, 75.8943]
[-14.7538, -2.98635, 75.282]
[1.87507, 25.1262, 85.4341]
[-15.829, 3.03225, 80.3783]
[2.55937, -1.27141, 75.247]
[1.71457, 23.6768, 85.2249]
[-6.21077, -18.0354, 51.728]
[-1.57863, 12.1209, 80.9258]
[-9.04228, 18.535, 78.7314]
[16.6299, -15.1456, 67.5878]
[-14.5162, 2.04895, 80.1419]
[-0.289412, 17.4295, 83.1241]
[30.6892, -8.34573, 91.233]
[-1.41755, 11.9624, 80.9893]
[-5.93783, -4.74965, 72.9144]
[23.5422, -15.1078, 70.7055]
[-5.89821, -18.3247, 51.0651]
[11.1781, 5.35455, 70.72]
[29.9446, -8.62041, 90.7346]
[-11.5375, 4.39024, 76.8853]
[9.60243, 15.8026, 96.0879]
[9.82827, 16.524, 96.3603]
[-3.56036, 4.04559, 76.4616]
[44.3522, -2.59782, 88.056]
[9.62137, 17.0066, 96.4246]
[9.59392, 15.414, 96.0415]
[-11.235, -3.00143, 71.2561]
[-3.92772, 7.57705, 77.5458]
[-1.90069, 7.40012, 78.9169]
[-1.89735, 7.80103, 79.0262]
[-1.77805, 7.89786, 79.1584]
[0.156497, 7.7879, 79.7652]
[-9.9127, 5.14296, 76.8429]
[0.713375, -2.46017, 73.4481]
[39.5208, 1.40731, 89.1811]
[7.60007, 15.7208, 95.5602]
[-15.5148, -1.91719, 76.0966]
[8.72869, 15.5933, 95.7914]
[-10.6621, 10.4576, 80.2203]
[-10.3843, 2.07843, 76.0057]
[-2.63573, 5.29026, 77.5438]
[-13.671, -10.9687, 64.4028]
[1.43907, 23.814, 85.1225]
[21.6986, -5.08477, 90.3098]
[-15.0279, -8.16644, 68.3921]
[7.39672, 15.9319, 95.5598]
[-18.0693, -2.256, 74.3259]
[-11.988, 4.10319, 76.4936]
[1.40634, 24.528, 85.2162]
[42.6685, -1.46079, 88.2394]
[-17.1254, 2.14451, 79.0746]
[0.756793, 24.6412, 84.8952]
[27.8367, -7.6041, 90.7125]
[-18.1348, -8.59089, 65.7081]
[-12.4811, 7.35889, 78.0414]
[28.2106, 25.5558, 93.8797]
[-13.9485, -2.60357, 76.13]
[-14.0068, -0.0269985, 78.6704]
[4.36491, 15.9566, 95.1229]
[63.4332, -6.5436, 91.4788]
[-6.82306, -3.97785, 72.8965]
[27.313, -8.17986, 90.3963]
[-14.4594, -0.198349, 78.3057]
[-17.6499, 0.807256, 77.7134]
[39.0674, 1.58312, 89.1133]
[0.216099, 5.68344, 78.8781]
[-14.8164, -1.63236, 76.6001]
[-15.4764, 4.5139, 81.6767]
[-1.44351, 0.904473, 75.5317]
[-11.8891, -16.809, 46.4698]
[-0.57148, 6.6859, 79.0041]
[-14.936, -1.97666, 76.3531]
[43.9605, -1.87291, 88.2634]
[-4.10941, 7.44594, 78.0633]
[-2.4439, 12.6657, 80.2558]
[29.5123, -8.23426, 90.9332]
[31.6772, -8.34846, 91.4695]
[31.7272, -9.31622, 91.0168]
[-16.1195, -2.17039, 75.4526]
[19.8189, -5.75881, 89.0544]
[32.08, 30.7686, 99.3662]
[46.5796, -3.41124, 88.3545]
[44.693, -2.97243, 87.936]
[-9.98833, 3.96796, 77.329]
[19.7139, -6.09073, 88.7911]
[-2.34909, 8.138, 78.9861]
[-9.17503, 3.10264, 77.2532]
[9.808, 16.394, 96.3618]
[-7.36833, 4.71756, 77.7892]
[-16.845, -2.68582, 74.6612]
[-1.46183, -4.11797, 71.4249]
[-1.1271, -1.40222, 73.6699]
[-3.21989, 6.88873, 78.0875]
[8.71909, 16.2882, 96.0224]
[-15.1077, 2.47546, 80.2238]
[-1.09921, 6.52398, 78.4651]
[-1.30667, 5.66589, 78.1784]
[-10.8228, 4.08185, 77.0485]
[-14.0123, -2.21146, 76.5013]
[-13.501, 5.49736, 78.2814]
[-10.6313, 10.4713, 80.2214]
[34.9979, 30.777, 100.34]
[-13.9638, -4.86645, 70.0262]
[-10.0483, -4.6584, 71.9846]
[-7.61499, -5.29699, 71.1215]
[-14.3996, 12.0215, 79.036]
[45.4082, -2.64949, 88.2906]
[-0.717439, 8.58761, 79.9018]
[-16.2576, 0.137304, 77.733]
[2.02247, -0.3318, 75.8011]
[-14.8989, -1.81548, 76.5862]
[-11.9641, 9.48242, 79.1392]
[-15.9521, -2.14367, 75.6089]
[16.9684, -10.3466, 85.9558]
[44.5922, -2.60626, 88.1236]
[34.3511, -4.21995, 84.5702]
[44.2816, -2.59177, 88.0532]
[-0.164948, -2.24488, 73.543]
[-1.18705, 14.9661, 81.5158]
[-13.1455, -3.97661, 69.9245]
[-14.8464, -8.13817, 68.4744]
[-10.0476, 3.98428, 77.315]
[-6.93537, -4.0314, 72.8688]
[-8.93104, 4.01322, 77.8141]
[-14.7527, -2.39997, 76.068]
[-14.3344, -2.91281, 75.5512]
[-0.243756, 6.52817, 79.0373]
[-10.3917, 2.67198, 76.3715]
[9.83275, 16.6696, 96.3529]
[-17.2946, -4.42614, 72.3488]
[-7.54474, -4.56896, 71.9389]
[-13.1064, -8.82966, 68.7071]
[0.318817, -2.26793, 73.6458]
[-13.4231, -8.83088, 68.3144]
[-7.68987, -5.12118, 71.3873]
[-15.5391, 4.53254, 81.7082]
[-11.9054, -16.8324, 46.3877]
[-11.5371, -8.47546, 69.7039]
[-8.35451, 4.1968, 78.2885]
[-3.08338, 7.01825, 78.2428]
[-10.1466, -4.54304, 70.8352]
[0.0828033, -6.0667, 70.263]
[-16.6402, -1.91515, 75.6564]
[-1.32071, 5.64162, 78.1988]
[-1.43046, -4.09934, 71.4436]
[0.277879, -2.57714, 73.3115]
[-10.7243, 10.3954, 80.2368]
[-18.0678, -2.34622, 74.5074]
[10.2904, 16.0267, 96.3977]
[-11.1973, 6.83339, 78.3913]
[10.3863, 17.2045, 96.73]
[-17.8555, 0.420568, 77.2912]
[-13.9267, -2.6084, 76.1062]
[1.13963, -18.705, 52.9789]
[-13.4279, 2.44879, 80.8785]
[0.640409, 11.3498, 81.5166]
[-14.7176, -2.44829, 75.9942]
[-6.30206, -18.0844, 51.4912]
[-14.0326, -8.68662, 68.0996]
[-12.8474, -8.79945, 68.8726]
[-1.1467, 14.9637, 82.1594]
[1.98837, -1.36102, 74.9625]
[0.579695, 7.3809, 79.7538]
[34.63, 0.956054, 87.6694]
[-18.0031, -7.9407, 66.8995]
[-16.3318, 0.383037, 72.8809]
[-15.0616, -1.8018, 76.4862]
[-1.40638, 6.05561, 78.4098]
[-1.79406, 7.72311, 79.0581]
[-0.289746, 6.3714, 78.9609]
[-8.43198, -7.94086, 68.0294]
[-17.5604, -3.034, 73.6882]
[-1.25121, 8.13726, 79.439]
[-10.0079, 3.86684, 77.296]
[0.915441, 7.99174, 80.1542]
[-9.84154, 2.58784, 76.6234]
[-1.5671, -4.16547, 71.4734]
[-13.9386, -11.3324, 63.4704]
[1.20197, -2.70031, 73.5183]
[-8.16847, -4.77612, 71.4138]
[-6.03807, -18.2314, 50.9626]
[32.3157, -10.7564, 90.3705]
[-10.4219, 9.82477, 80.067]
[-13.2354, 6.12427, 77.149]
[-18.8098, 5.79359, 79.8822]
[-13.4571, 2.30757, 80.7984]
[-16.4702, 4.10451, 79.8138]
[1.11307, -18.7331, 52.891]
[-12.4366, -11.6264, 64.2155]
[-9.04517, 9.1813, 80.598]
[-14.6616, -1.12445, 71.7525]
[-0.701534, 7.61968, 79.393]
[31.3911, -4.79718, 93.6704]
[-11.2755, 6.73125, 78.1995]
[-17.9427, -7.82527, 66.9676]
[-3.87966, 9.94498, 79.2348]
[-17.9958, -0.163277, 75.4457]
[-0.456786, -6.83184, 69.4671]
[-0.686374, 17.3825, 82.9164]
[-0.463131, 6.37681, 78.9181]
[-8.41411, -7.90305, 68.0636]
[-14.9711, -2.85029, 75.4463]
[29.9057, -9.01633, 92.0105]
[-12.9574, -6.1979, 69.0227]
[0.0481488, -2.88519, 73.1034]
[-12.7497, -8.79194, 68.4392]
[-5.21679, -3.29048, 70.8075]
[-14.1131, -8.86524, 68.1063]
[0.5058, -2.20279, 73.7625]
[3.04043, -19.9804, 53.8945]
[-1.61987, 7.64475, 79.0788]
[-12.5779, 3.14706, 77.2761]
[30.2454, -5.93423, 93.0688]
[-11.0404, 10.1539, 79.9482]
[-17.6462, -8.57655, 65.8661]
[-13.5092, 2.15205, 80.6485]
[0.0805496, -4.51562, 71.5768]
[42.1274, -2.76182, 87.6311]
[1.75114, -1.45292, 74.9137]
[-9.98625, 3.84707, 77.1977]
[-0.400645, 6.98961, 79.1845]
[-9.5626, -4.06224, 71.4246]
[1.25843, -2.61486, 73.9045]
[-13.8911, -8.99015, 67.6602]
[42.0908, -5.71278, 85.8509]
[-13.8331, -10.9398, 64.4928]
[34.2697, -4.2026, 84.6115]
[-0.0752314, -3.78437, 72.2272]
[-14.8924, 1.32083, 79.5153]
[34.9832, 1.32751, 87.9461]
[-9.61111, -7.51957, 69.6379]
[-5.00102, -1.49182, 72.4049]
[1.05295, 14.2527, 82.69]
[47.7144, 2.04523, 91.0752]
[2.35543, -4.53646, 72.864]
[-8.78139, 15.6348, 81.1587]
[-7.08472, 17.0664, 80.9303]
[-13.1117, 6.0889, 77.0335]
[-8.56945, 0.112476, 81.4916]
[42.7057, -1.30702, 88.3783]
[-2.40911, 5.00473, 77.4723]
[-17.5355, -3.39483, 73.2268]
[-16.6413, -0.181393, 77.4472]
[41.8742, -5.70134, 85.8196]
[-14.0426, -11.0979, 63.8939]
[-7.98196, -7.98175, 68.4494]
[1.88478, -6.02084, 71.1686]
[-7.0528, -6.58074, 70.3182]
[20.2505, 13.483, 97.9853]
[42.1283, -2.59087, 87.8339]
[42.9278, -1.30595, 88.4884]
[-8.85186, -5.13601, 70.5996]
[1.49595, -2.67125, 73.5919]
[-17.792, -7.40856, 66.2156]
[-6.22446, -4.92146, 72.4289]
[-9.01747, 9.3935, 80.7177]
[-14.3838, 8.08907, 79.3748]
[-13.4727, -8.7757, 68.501]
[0.155458, 13.3471, 82.0377]
[34.7765, 1.22667, 87.486]
[40.9268, 0.223835, 88.9088]
[-0.866801, -1.75421, 73.6866]
[-7.23492, -3.97612, 72.7731]
[45.9111, 0.848697, 90.3193]
[-3.38218, 10.3778, 79.7]
[-13.1643, 5.92671, 77.1016]
[48.9885, 3.82096, 92.158]
[6.95526, 10.5453, 83.9042]
[-0.409044, 8.40223, 80.1757]
[-0.82733, 7.67263, 79.4985]
[-13.8274, 2.29199, 76.2903]
[-5.56105, -6.31615, 71.4686]
